0
0.26999
0.31104
0.35136
0.39058
0.42836
0.46438
0.49834
0.52997
0.55906
0.5854
0.60886
0.62933
0.64675
0.66113
0.6725
0.68097
0.68203
0.68066
0.67724
0.6722
0.66597
0.65903
0.65185
0.64489
0.63863
0.63353
0.62999
0.62842
0.62917
0.63254
0.63877
0.64806
0.66528
0.68555
0.70869
0.73447
0.76256
0.79261
0.82418
0.8568
0.88995
0.92306
0.95557
0.98684
1.0163
1.0432
1.067
1.0872
1.1026
1.1132
1.1184
1.1177
1.1108
1.0972
1.0766
1.0488
1.0135
0.97085
0.92065
0.86302
0.79809
0.72611
0.64738
0.56231
0.46646
0.36544
0.26002
0.15105
0.039419
-0.073964
-0.18815
-0.30218
-0.4151
-0.52596
-0.63385
-0.73786
-0.83717
-0.93099
-1.0186
-1.0993
-1.1649
-1.2228
-1.273
-1.3153
-1.35
-1.377
-1.3966
-1.4091
-1.4147
-1.4139
-1.407
-1.3945
-1.3769
-1.3547
-1.3284
-1.2984
-1.2728
-1.2442
-1.213
-1.1793
-1.1434
-1.1054
-1.0655
-1.0239
-0.98071
-0.93609
-0.89018
-0.84314
-0.79511
-0.74624
-0.69668
-0.64661
-0.59181
-0.53701
-0.48257
-0.42884
-0.37617
-0.32493
-0.27546
-0.22811
-0.18321
-0.14108
-0.10203
-0.06632
-0.034211
-0.0059253
0.018349
0.038458
0.053593
0.064407
0.070891
0.073076
0.071037
0.064893
0.054805
0.040975
0.023648
0.0031081
-0.020323
-0.046289
-0.074399
-0.10424
-0.13536
-0.16729
-0.20323
-0.23889
-0.27366
-0.30691
-0.33803
-0.36642
-0.39154
-0.41283
-0.42983
-0.4421
-0.44925
-0.45096
-0.447
-0.43718
-0.4214
-0.39964
-0.36482
-0.32444
-0.27895
-0.22884
-0.1747
-0.11714
-0.056808
0.0056097
0.069419
0.13392
0.19841
0.26222
0.3247
0.38522
0.44321
0.49817
0.54001
0.57829
0.61301
0.64422
0.67204
0.69665
0.71825
0.73709
0.75345
0.76764
0.77995
0.79071
0.80023
0.80881
0.81673
0.82425
0.84148
0.85838
0.87478
0.89047
0.90523
0.91882
0.93097
0.94143
0.94995
0.95627
0.96018
0.96147
0.95997
0.95554
0.9481
0.9376
0.91677
0.89321
0.86729
0.83943
0.81007
0.7797
0.74885
0.71805
0.68785
0.65881
0.63149
0.60644
0.58419
0.56524
0.55005
0.53906
0.53244
0.53069
0.53408
0.54282
0.55704
0.5768
0.6021
0.63283
0.66884
0.70987
0.75559
0.8056
0.85942
0.9165
0.97625
1.038
1.1146
1.1912
1.2668
1.34
1.4097
1.4746
1.5337
1.5859
1.6304
1.6663
1.6929
1.7099
1.7168
1.7134
1.7
1.6765
1.6162
1.5479
1.4732
1.394
1.3123
1.23
1.1491
1.0716
0.99962
0.9349
0.87925
0.83427
0.80138
0.78178
0.77644
0.78604
0.84284
0.91403
0.99834
1.0943
1.2001
1.3138
1.4333
1.5564
1.6806
1.8036
1.9229
2.0361
2.1408
2.2347
2.3157
2.3819
2.4096
2.42
2.4125
2.3867
2.3426
2.2804
2.2005
2.1036
1.9906
1.8624
1.7205
1.5662
1.4012
1.2272
1.0461
0.85983
0.67309
0.48502
0.29757
0.11268
-0.067744
-0.24186
-0.40791
-0.56422
-0.70927
-0.84165
-0.96014
-1.0637
-1.1514
-1.2225
-1.2767
-1.3137
-1.3205
-1.3106
-1.2848
-1.2441
-1.1897
-1.1229
-1.0452
-0.95811
-0.86325
-0.76232
-0.65702
-0.54906
-0.44012
-0.33184
-0.22578
-0.12339
-0.045306
0.027185
0.093642
0.15376
0.20737
0.25441
0.29494
0.3291
0.35714
0.37938
0.39622
0.40807
0.41543
0.41877
0.4186
0.41542
0.42878
0.43941
0.4471
0.45162
0.45273
0.45019
0.44378
0.43328
0.4185
0.3993
0.37558
0.34728
0.31443
0.2771
0.23545
0.18973
0.12214
0.051801
-0.020199
-0.092729
-0.16462
-0.23468
-0.30174
-0.36463
-0.42224
-0.4735
-0.51746
-0.55322
-0.58002
-0.59723
-0.60435
-0.60104
-0.57057
-0.53004
-0.48017
-0.42181
-0.35595
-0.28368
-0.20623
-0.12487
-0.040934
0.044183
0.12908
0.21238
0.29269
0.36869
0.43914
0.50285
0.54628
0.5814
0.60781
0.62523
0.6335
0.63261
0.62262
0.60377
0.57635
0.54079
0.4976
0.44739
0.39084
0.32867
0.26169
0.19073
0.12331
0.053398
-0.018339
-0.091234
-0.16462
-0.23785
-0.31026
-0.38124
-0.4502
-0.51654
-0.57975
-0.63932
-0.69479
-0.74575
-0.79183
-0.83272
-0.87219
-0.90586
-0.93343
-0.95467
-0.96942
-0.97758
-0.97913
-0.9741
-0.96262
-0.94487
-0.92111
-0.89167
-0.85696
-0.81742
-0.77358
-0.72602
-0.66899
-0.60973
-0.54916
-0.4882
-0.4278
-0.36889
-0.31237
-0.25912
-0.20997
-0.16567
-0.12693
-0.094339
-0.068425
-0.049597
-0.038158
-0.034295
-0.048644
-0.07024
-0.098559
-0.13297
-0.17276
-0.21711
-0.26516
-0.31597
-0.36859
-0.42202
-0.47528
-0.52736
-0.57732
-0.62421
-0.66718
-0.7054
-0.72436
-0.73766
-0.74522
-0.74702
-0.74313
-0.7337
-0.71891
-0.69904
-0.67439
-0.6453
-0.61214
-0.57532
-0.53522
-0.49225
-0.4468
-0.39926
-0.36574
-0.33028
-0.29264
-0.25259
-0.20988
-0.16427
-0.11554
-0.063493
-0.0079756
0.051122
0.11385
0.18019
0.25005
0.32327
0.39957
0.4786
0.57645
0.67549
0.77454
0.87237
0.96769
1.0592
1.1455
1.2254
1.2976
1.3608
1.414
1.456
1.486
1.503
1.5066
1.4961
1.4578
1.4054
1.3394
1.2605
1.1694
1.067
0.95453
0.83306
0.70394
0.56853
0.4283
0.28475
0.13942
-0.006152
-0.15043
-0.29189
-0.42243
-0.54756
-0.66618
-0.7773
-0.87999
-0.97346
-1.057
-1.13
-1.1921
-1.243
-1.2823
-1.3101
-1.3264
-1.3313
-1.3253
-1.3087
-1.2835
-1.2489
-1.2055
-1.154
-1.0954
-1.0305
-0.96039
-0.88603
-0.80853
-0.72899
-0.64853
-0.56828
-0.48936
-0.41285
-0.33982
-0.27128
-0.20445
-0.14407
-0.091068
-0.046301
-0.010505
0.015693
0.031793
0.037426
0.032362
0.016519
-0.01004
-0.047101
-0.0943
-0.15113
-0.21692
-0.29089
-0.38246
-0.47991
-0.58173
-0.68635
-0.79211
-0.89735
-1.0004
-1.0995
-1.1931
-1.2795
-1.3574
-1.4252
-1.4818
-1.526
-1.5568
-1.5736
-1.5628
-1.5374
-1.4977
-1.4441
-1.3773
-1.298
-1.2074
-1.1064
-0.9964
-0.87872
-0.75484
-0.62629
-0.49466
-0.36156
-0.22862
-0.097431
0.023807
0.14046
0.25131
0.35521
0.45112
0.53811
0.61535
0.68213
0.73789
0.78219
0.81474
0.83537
0.84406
0.84093
0.82624
0.80038
0.76036
0.71039
0.65133
0.58413
0.50981
0.42947
0.34425
0.25534
0.16392
0.071213
-0.021617
-0.11341
-0.20307
-0.28953
-0.37184
-0.4491
-0.51064
-0.566
-0.61492
-0.65728
-0.69304
-0.72226
-0.74508
-0.76175
-0.77256
-0.77789
-0.77817
-0.77387
-0.7655
-0.75359
-0.73869
-0.72133
-0.7139
-0.70469
-0.69381
-0.68137
-0.66745
-0.65214
-0.63551
-0.61763
-0.5986
-0.57848
-0.55739
-0.53543
-0.51273
-0.48943
-0.46572
-0.44179
-0.4043
-0.3675
-0.33213
-0.29888
-0.26849
-0.24162
-0.21893
-0.20102
-0.18841
-0.18158
-0.18088
-0.18659
-0.19889
-0.21783
-0.24335
-0.27525
-0.32811
-0.38611
-0.44822
-0.5133
-0.58013
-0.64743
-0.71389
-0.77818
-0.83897
-0.89497
-0.94492
-0.98765
-1.022
-1.0471
-1.062
-1.066
-1.0465
-1.0155
-0.97317
-0.91992
-0.8562
-0.78264
-0.70002
-0.60925
-0.51133
-0.4074
-0.29867
-0.18642
-0.071996
0.043238
0.15788
0.27055
0.37738
0.47963
0.5761
0.66565
0.7472
0.81977
0.88251
0.93463
0.97552
1.0047
1.0217
1.0264
1.0186
0.99857
0.96636
0.92238
0.85805
0.78337
0.69939
0.60729
0.50833
0.40384
0.29518
0.18375
0.070976
-0.041764
-0.15311
-0.26175
-0.36647
-0.46611
-0.55966
-0.6462
-0.70945
-0.76479
-0.81227
-0.85205
-0.88442
-0.90977
-0.92862
-0.94154
-0.94921
-0.95232
-0.95165
-0.94796
-0.94204
-0.93465
-0.92655
-0.91843
-0.92573
-0.93373
-0.94244
-0.9518
-0.9617
-0.97197
-0.98238
-0.99267
-1.0025
-1.0117
-1.0197
-1.0263
-1.031
-1.0337
-1.0338
-1.0311
-1.0142
-0.99446
-0.97198
-0.94701
-0.9198
-0.89063
-0.8598
-0.82762
-0.79441
-0.76048
-0.72617
-0.69176
-0.65757
-0.62385
-0.59085
-0.55877
-0.5373
-0.51676
-0.49692
-0.47755
-0.45838
-0.43913
-0.41952
-0.39926
-0.37808
-0.35573
-0.33196
-0.30657
-0.27939
-0.25031
-0.21924
-0.18616
-0.14011
-0.092519
-0.043901
0.0052023
0.054216
0.10255
0.14959
0.19474
0.23742
0.27706
0.31315
0.3452
0.37281
0.39561
0.41333
0.42579
0.41889
0.40706
0.39084
0.37084
0.34773
0.32223
0.29509
0.26708
0.239
0.21161
0.18565
0.16185
0.14086
0.12328
0.10964
0.10038
0.11327
0.13056
0.15182
0.17652
0.2041
0.23391
0.26528
0.29751
0.3299
0.36173
0.39233
0.42105
0.44729
0.47053
0.4903
0.50623
0.49631
0.48282
0.46642
0.44782
0.42781
0.40721
0.38687
0.36763
0.35031
0.33572
0.32457
0.31755
0.31521
0.31803
0.32634
0.34037
0.38788
0.4402
0.49617
0.55457
0.61406
0.67328
0.73079
0.78519
0.83508
0.87914
0.91609
0.94479
0.96421
0.97348
0.9719
0.95896
0.90383
0.83797
0.76251
0.67876
0.58817
0.49233
0.3929
0.29161
0.19022
0.090476
-0.0058937
-0.097244
-0.18203
-0.25882
-0.32637
-0.38359
-0.40113
-0.4078
-0.4041
-0.39077
-0.36871
-0.339
-0.30286
-0.26164
-0.21679
-0.16982
-0.12231
-0.075835
-0.031981
0.0077142
0.041773
0.068807
0.064767
0.052068
0.030466
-0.00015019
-0.039766
-0.088243
-0.14533
-0.21066
-0.2838
-0.36418
-0.45122
-0.54423
-0.6425
-0.74528
-0.8518
-0.96129
-1.0525
-1.1459
-1.2413
-1.3388
-1.4382
-1.5395
-1.6427
-1.7476
-1.854
-1.9617
-2.0705
-2.18
-2.2898
-2.3995
-2.5086
-2.6163
-2.7485
-2.8771
-3.0004
-3.1166
-3.224
-3.3209
-3.4057
-3.4769
-3.533
-3.5729
-3.5955
-3.5999
-3.5855
-3.5519
-3.4991
-3.427
-3.2987
-3.1537
-2.994
-2.8221
-2.6407
-2.4524
-2.26
-2.0664
-1.8743
-1.6867
-1.506
-1.3348
-1.1754
-1.0299
-0.90011
-0.78744
-0.73598
-0.70222
-0.6852
-0.68365
-0.69603
-0.72055
-0.75524
-0.79794
-0.8464
-0.89827
-0.95119
-1.0028
-1.0509
-1.0932
-1.1278
-1.1527
-1.1317
-1.0994
-1.0559
-1.0015
-0.93673
-0.86249
-0.77974
-0.68967
-0.59363
-0.49311
-0.38971
-0.2851
-0.18102
-0.079207
0.018597
0.1107
0.17929
0.23965
0.29091
0.33234
0.36332
0.38338
0.39219
0.38957
0.37549
0.35008
0.31361
0.26649
0.20929
0.1427
0.067536
-0.015275
-0.10707
-0.20432
-0.30575
-0.41003
-0.51577
-0.62159
-0.72608
-0.82785
-0.92556
-1.0179
-1.1037
-1.1817
-1.251
-1.3106
-1.3597
-1.3977
-1.4123
-1.4154
-1.4072
-1.3879
-1.3582
-1.3187
-1.27
-1.213
-1.1487
-1.078
-1.002
-0.92171
-0.83825
-0.75271
-0.66617
-0.57968
-0.50333
-0.42864
-0.35617
-0.28641
-0.21978
-0.15664
-0.09725
-0.041813
0.0095473
0.056779
0.099897
0.13898
0.17415
0.2056
0.23356
0.25829
0.28077
0.30059
0.31805
0.33347
0.34719
0.3595
0.37073
0.38114
0.39101
0.40054
0.40993
0.41932
0.42881
0.43844
0.44821
0.45807
0.47482
0.49117
0.50666
0.52081
0.53312
0.54305
0.55009
0.55369
0.55335
0.54856
0.5389
0.52393
0.50333
0.4768
0.44414
0.40522
0.35332
0.29543
0.2319
0.16318
0.089827
0.012436
-0.068308
-0.15166
-0.23683
-0.32299
-0.40925
-0.49474
-0.57855
-0.65979
-0.73757
-0.81102
-0.88039
-0.94383
-1.0006
-1.05
-1.0914
-1.1244
-1.1484
-1.1632
-1.1685
-1.1644
-1.1507
-1.1278
-1.0958
-1.0552
-1.0064
-0.95029
-0.87593
-0.79612
-0.71221
-0.62562
-0.53781
-0.45029
-0.36454
-0.28203
-0.20422
-0.13246
-0.068048
-0.012167
0.034124
0.069907
0.094418
0.10706
0.088831
0.058705
0.01726
-0.034762
-0.096472
-0.16685
-0.24475
-0.32895
-0.41816
-0.51102
-0.60617
-0.70223
-0.79785
-0.89172
-0.98259
-1.0693
-1.1297
-1.1847
-1.2341
-1.2779
-1.3161
-1.349
-1.3768
-1.3998
-1.4184
-1.433
-1.444
-1.4519
-1.4572
-1.4602
-1.4614
-1.4612
-1.4808
-1.4987
-1.5146
-1.5278
-1.5378
-1.544
-1.5459
-1.5427
-1.5341
-1.5195
-1.4985
-1.4707
-1.4359
-1.3939
-1.3445
-1.288
-1.2028
-1.1115
-1.0153
-0.91544
-0.81319
-0.70993
-0.60702
-0.50587
-0.40785
-0.3143
-0.22649
-0.14563
-0.072804
-0.0089857
0.044994
0.088456
0.098685
0.098299
0.087879
0.068157
0.040002
0.0043997
-0.037565
-0.084732
-0.13589
-0.18978
-0.24517
-0.3008
-0.35549
-0.40809
-0.45754
-0.50288
-0.52425
-0.54063
-0.55206
-0.55874
-0.56095
-0.55911
-0.55371
-0.54533
-0.53462
-0.52228
-0.50905
-0.49569
-0.48297
-0.47163
-0.46242
-0.45601
-0.46291
-0.47342
-0.48768
-0.50576
-0.52764
-0.55324
-0.58238
-0.61481
-0.65021
-0.6882
-0.7283
-0.77001
-0.81277
-0.85594
-0.8989
-0.94097
-0.98306
-1.0229
-1.0596
-1.0926
-1.121
-1.1444
-1.1619
-1.1731
-1.1775
-1.1746
-1.1641
-1.1459
-1.1197
-1.0855
-1.0435
-0.99382
-0.92544
-0.85047
-0.76981
-0.68445
-0.59544
-0.5039
-0.41096
-0.3178
-0.22558
-0.13547
-0.048572
0.034037
0.11136
0.18246
0.24654
0.30286
0.33441
0.3577
0.37292
0.38041
0.38059
0.37397
0.36114
0.34277
0.31956
0.29224
0.26158
0.22833
0.19324
0.15701
0.12033
0.083815
0.065475
0.047729
0.030392
0.013217
-0.004096
-0.021891
-0.040542
-0.060443
-0.081994
-0.10559
-0.1316
-0.16037
-0.1922
-0.22732
-0.26592
-0.30808
-0.36969
-0.43427
-0.50111
-0.56946
-0.63849
-0.70732
-0.77504
-0.84071
-0.9034
-0.96218
-1.0161
-1.0644
-1.1061
-1.1406
-1.1672
-1.1853
-1.1798
-1.1654
-1.1424
-1.1111
-1.0719
-1.0253
-0.97194
-0.91237
-0.84731
-0.77748
-0.70363
-0.62654
-0.54696
-0.46565
-0.38335
-0.30076
-0.23341
-0.16655
-0.10025
-0.034528
0.030617
0.095213
0.1593
0.22294
0.28616
0.34902
0.41152
0.47364
0.53534
0.59653
0.65705
0.71671
0.78968
0.86071
0.92895
0.99352
1.0535
1.1079
1.1559
1.1965
1.229
1.2524
1.2661
1.2694
1.2617
1.2426
1.2118
1.1691
1.1064
1.0322
0.94699
0.85138
0.74621
0.63239
0.51098
0.38315
0.25015
0.11333
-0.025891
-0.16603
-0.30559
-0.44301
-0.57675
-0.70528
-0.83189
-0.9502
-1.0587
-1.1559
-1.2404
-1.3111
-1.3669
-1.4068
-1.4301
-1.4363
-1.425
-1.3962
-1.3499
-1.2864
-1.2064
-1.1105
-0.98229
-0.84104
-0.68868
-0.52737
-0.35935
-0.18699
-0.012709
0.16104
0.33183
0.49725
0.65498
0.80281
0.93867
1.0607
1.1671
1.2565
1.3058
1.3367
1.349
1.3433
1.3199
1.2797
1.2235
1.1527
1.0684
0.97229
0.86582
0.75072
0.62876
0.50174
0.37146
0.23973
0.12517
0.012005
-0.098725
-0.20605
-0.3091
-0.40707
-0.49929
-0.58516
-0.66417
-0.73594
-0.80014
-0.85657
-0.90509
-0.94566
-0.9783
-1.0031
-1.0302
-1.0495
-1.061
-1.0645
-1.0602
-1.0482
-1.0287
-1.0019
-0.96804
-0.92752
-0.88075
-0.82817
-0.77029
-0.70767
-0.64091
-0.57065
-0.4893
-0.40608
-0.322
-0.23806
-0.15526
-0.07454
0.0031519
0.076942
0.14601
0.20962
0.26712
0.31793
0.36159
0.39777
0.42621
0.44682
0.44819
0.44222
0.42955
0.41089
0.38706
0.35895
0.32749
0.29367
0.25849
0.22295
0.18805
0.15476
0.12398
0.096581
0.073332
0.054922
0.055341
0.061205
0.072428
0.088819
0.11009
0.13585
0.16566
0.19897
0.23519
0.27368
0.31378
0.35479
0.396
0.43671
0.47625
0.51396
0.53867
0.56075
0.58006
0.59651
0.61003
0.62064
0.62839
0.63335
0.63567
0.6355
0.63303
0.62847
0.62206
0.61402
0.60462
0.59407
0.58779
0.58065
0.57268
0.5639
0.55433
0.54396
0.53278
0.52075
0.50786
0.49404
0.47924
0.4634
0.44646
0.42834
0.40899
0.38832
0.36658
0.34341
0.31876
0.29259
0.26484
0.23551
0.20458
0.17207
0.13801
0.10245
0.06547
0.027166
-0.01234
-0.052906
-0.094366
-0.13653
-0.18426
-0.23209
-0.27963
-0.32646
-0.37215
-0.4163
-0.45851
-0.49841
-0.53564
-0.56991
-0.60093
-0.62848
-0.65238
-0.67251
-0.68881
-0.70127
-0.70058
-0.69654
-0.68964
-0.6804
-0.66939
-0.65721
-0.64446
-0.63175
-0.61965
-0.60875
-0.59957
-0.59261
-0.58829
-0.58699
-0.58901
-0.59457
-0.61583
-0.64039
-0.66783
-0.69761
-0.72917
-0.76187
-0.79503
-0.82795
-0.85992
-0.89021
-0.91813
-0.94299
-0.96415
-0.981
-0.99303
-0.99976
-0.99047
-0.97558
-0.95523
-0.92965
-0.89915
-0.8641
-0.82494
-0.78217
-0.73633
-0.68802
-0.63785
-0.58644
-0.53444
-0.48249
-0.4312
-0.38117
-0.3369
-0.29482
-0.25527
-0.21854
-0.18486
-0.15442
-0.12731
-0.1036
-0.083275
-0.066253
-0.052401
-0.041521
-0.033357
-0.027602
-0.023898
-0.021844
-0.025759
-0.030279
-0.034748
-0.038502
-0.040877
-0.041223
-0.038915
-0.033363
-0.024028
-0.010428
0.0078481
0.031136
0.059682
0.093643
0.13307
0.17793
0.23982
0.30635
0.37676
0.45022
0.52582
0.6026
0.67955
0.75565
0.82986
0.90115
0.96853
1.031
1.0877
1.1379
1.1806
1.2153
1.2262
1.2287
1.2229
1.2091
1.1879
1.1596
1.1249
1.0843
1.0387
0.98864
0.93493
0.87831
0.81952
0.75931
0.69835
0.63731
0.59265
0.54849
0.50476
0.46137
0.41814
0.37489
0.33139
0.28741
0.24271
0.19705
0.15021
0.10201
0.05227
0.00089721
-0.052171
-0.10693
-0.17952
-0.25304
-0.32673
-0.39979
-0.47138
-0.54063
-0.60665
-0.66858
-0.72555
-0.77674
-0.82138
-0.85876
-0.88824
-0.90926
-0.9214
-0.92429
-0.90125
-0.86921
-0.82872
-0.78046
-0.72519
-0.66373
-0.59698
-0.52587
-0.45137
-0.37445
-0.29606
-0.21716
-0.13865
-0.061355
0.013933
0.086529
0.14273
0.19562
0.24522
0.2917
0.33528
0.37629
0.41511
0.45219
0.48805
0.52321
0.55825
0.59375
0.63029
0.66844
0.70873
0.75166
0.80353
0.85865
0.91713
0.97901
1.0443
1.1128
1.1843
1.2587
1.3355
1.4142
1.4945
1.5757
1.6571
1.738
1.8177
1.8954
1.971
2.0428
2.1099
2.1714
2.2263
2.2737
2.3128
2.3426
2.3625
2.3715
2.3691
2.3547
2.3277
2.2879
2.2348
2.1683
2.088
1.9943
1.8875
1.7679
1.636
1.4923
1.3376
1.1728
0.99869
0.81644
0.62719
0.43219
0.23279
0.030395
-0.17354
-0.37749
-0.5894
-0.79796
-1.0013
-1.1975
-1.3849
-1.5617
-1.7263
-1.8772
-2.013
-2.1325
-2.2348
-2.3189
-2.3842
-2.4303
-2.4571
-2.4646
-2.4315
-2.3805
-2.3131
-2.2308
-2.1355
-2.029
-1.9134
-1.7906
-1.6627
-1.5318
-1.3999
-1.2689
-1.1407
-1.017
-0.89932
-0.78899
-0.71272
-0.64503
-0.58577
-0.53459
-0.49092
-0.45407
-0.42315
-0.39716
-0.375
-0.35547
-0.33732
-0.31929
-0.30012
-0.27855
-0.25341
-0.22358
-0.17005
-0.11062
-0.045137
0.026389
0.10384
0.18695
0.27534
0.3685
0.46582
0.56659
0.66997
0.77508
0.88094
0.98656
1.0909
1.1928
1.2861
1.3752
1.459
1.5366
1.6074
1.6704
1.7249
1.7704
1.8062
1.8319
1.8471
1.8514
1.8447
1.8269
1.798
1.7582
1.7038
1.6392
1.5649
1.4818
1.3905
1.292
1.1872
1.0769
0.96238
0.84457
0.72459
0.60352
0.48245
0.36245
0.24456
0.12976
0.022634
-0.079716
-0.17661
-0.26743
-0.35167
-0.42887
-0.49869
-0.56086
-0.6152
-0.66165
-0.7002
-0.73095
-0.75408
-0.76984
-0.77857
-0.78067
-0.77331
-0.7604
-0.74261
-0.72066
-0.69531
-0.66729
-0.63738
-0.60631
-0.57482
-0.5436
-0.51332
-0.48456
-0.45789
-0.43377
-0.41262
-0.39476
-0.39215
-0.39287
-0.39661
-0.40298
-0.41154
-0.42182
-0.43331
-0.44546
-0.45776
-0.46965
-0.48065
-0.49028
-0.4981
-0.50376
-0.50695
-0.50744
-0.48518
-0.46067
-0.4346
-0.40772
-0.38082
-0.35472
-0.33025
-0.30823
-0.28945
-0.27466
-0.26453
-0.25966
-0.26055
-0.26758
-0.28103
-0.30102
-0.35429
-0.41305
-0.4761
-0.54215
-0.60982
-0.67768
-0.74426
-0.80809
-0.86774
-0.92181
-0.96902
-1.0082
-1.0382
-1.0581
-1.0673
-1.0652
-1.022
-0.96797
-0.90426
-0.83211
-0.75291
-0.6682
-0.57962
-0.48888
-0.39773
-0.30792
-0.22117
-0.13915
-0.063457
0.0044554
0.063265
0.11182
0.12548
0.12802
0.1197
0.10097
0.072499
0.035101
-0.010234
-0.062378
-0.12008
-0.18198
-0.24665
-0.31262
-0.37837
-0.44238
-0.50316
-0.55928
-0.60035
-0.63446
-0.66075
-0.67848
-0.68702
-0.6859
-0.67479
-0.65349
-0.622
-0.58045
-0.52913
-0.46848
-0.39911
-0.32176
-0.23731
-0.14678
-0.045315
0.059721
0.16682
0.2744
0.38086
0.48455
0.58385
0.67716
0.76293
0.83969
0.90607
0.96081
1.0028
1.0311
1.0449
1.0435
1.0169
0.97493
0.91794
0.84648
0.76129
0.66329
0.55355
0.43334
0.30404
0.16717
0.024331
-0.12276
-0.27233
-0.42259
-0.57169
-0.71783
-0.86053
-0.99673
-1.1247
-1.2429
-1.3497
-1.4437
-1.5239
-1.589
-1.6382
-1.6709
-1.6865
-1.6849
-1.666
-1.63
-1.5773
-1.5086
-1.405
-1.2879
-1.1592
-1.0209
-0.87514
-0.72425
-0.57047
-0.41609
-0.26336
-0.11448
0.028469
0.16354
0.28895
0.40311
0.50466
0.59248
0.63369
0.66081
0.67459
0.67603
0.66637
0.64699
0.61946
0.58546
0.54675
0.50516
0.46251
0.4206
0.38118
0.34589
0.31627
0.29366
0.31083
0.33606
0.36907
0.40935
0.45623
0.50886
0.56626
0.62731
0.6908
0.75544
0.81987
0.88274
0.94268
0.99833
1.0484
1.0917
1.106
1.1121
1.11
1.0996
1.0811
1.0546
1.0205
0.97917
0.9312
0.87716
0.81775
0.75369
0.68577
0.61482
0.54167
0.46717
0.40224
0.33725
0.27266
0.2089
0.14639
0.085498
0.026558
-0.030119
-0.084262
-0.13563
-0.18403
-0.22929
-0.27128
-0.3099
-0.34508
-0.37678
-0.40938
-0.43835
-0.4636
-0.48504
-0.50263
-0.51636
-0.52626
-0.53237
-0.53479
-0.53365
-0.52909
-0.5213
-0.51052
-0.49699
-0.48101
-0.46287
-0.438
-0.41184
-0.38491
-0.35776
-0.33094
-0.30499
-0.28042
-0.25773
-0.23739
-0.21982
-0.20539
-0.19445
-0.18726
-0.18403
-0.18491
-0.18997
-0.20784
-0.22956
-0.25472
-0.28285
-0.31342
-0.34588
-0.37965
-0.41414
-0.44875
-0.48289
-0.51599
-0.5475
-0.57692
-0.60379
-0.62771
-0.64834
-0.65415
-0.65658
-0.65589
-0.65239
-0.64645
-0.63848
-0.62893
-0.61827
-0.60699
-0.59555
-0.58444
-0.57411
-0.56498
-0.55743
-0.55178
-0.54829
-0.55442
-0.56277
-0.57315
-0.58529
-0.59886
-0.61347
-0.62868
-0.64399
-0.65886
-0.67272
-0.68498
-0.69502
-0.70223
-0.706
-0.70573
-0.70086
-0.69756
-0.68847
-0.67295
-0.65043
-0.62042
-0.58254
-0.53653
-0.48226
-0.41974
-0.34912
-0.27069
-0.18493
-0.092445
0.0059959
0.10947
0.21689
0.35492
0.4935
0.63025
0.76277
0.88862
1.0054
1.1107
1.2025
1.2785
1.337
1.3763
1.395
1.3921
1.3668
1.3187
1.2477
1.1075
0.94708
0.76891
0.57592
0.37126
0.15826
-0.059607
-0.27879
-0.49574
-0.70693
-0.90897
-1.0986
-1.2728
-1.4289
-1.5643
-1.6771
-1.7112
-1.7216
-1.7093
-1.6756
-1.6225
-1.5518
-1.466
-1.3675
-1.2591
-1.1436
-1.0239
-0.90288
-0.78333
-0.66801
-0.55951
-0.46019
-0.42168
-0.39466
-0.37905
-0.37452
-0.38049
-0.39617
-0.42055
-0.45248
-0.49068
-0.53375
-0.58022
-0.62861
-0.67742
-0.7252
-0.77055
-0.8122
-0.81018
-0.80365
-0.79304
-0.77894
-0.76206
-0.74317
-0.72316
-0.70296
-0.68351
-0.66581
-0.6508
-0.63939
-0.63246
-0.63077
-0.63499
-0.64567
-0.69346
-0.74733
-0.80638
-0.86957
-0.93578
-1.0038
-1.0723
-1.1401
-1.2057
-1.2679
-1.3254
-1.3769
-1.4214
-1.4578
-1.4853
-1.5029
-1.4853
-1.4578
-1.4209
-1.3753
-1.322
-1.2619
-1.196
-1.1254
-1.0515
-0.97539
-0.89828
-0.8214
-0.74594
-0.67298
-0.60357
-0.53863
-0.49889
-0.46441
-0.43507
-0.4106
-0.39065
-0.37475
-0.36232
-0.35272
-0.34524
-0.33912
-0.33355
-0.32772
-0.32081
-0.312
-0.30054
-0.28568
-0.25302
-0.2162
-0.17515
-0.12988
-0.080486
-0.02712
0.029998
0.090588
0.15431
0.2208
0.28961
0.36031
0.43239
0.50538
0.57876
0.65202
0.71495
0.77711
0.83833
0.89848
0.95743
1.0151
1.0712
1.1258
1.1787
1.2298
1.279
1.326
1.3708
1.4132
1.453
1.49
1.5342
1.5749
1.6114
1.6433
1.6699
1.6909
1.7056
1.7136
1.7147
1.7084
1.6945
1.673
1.6437
1.6067
1.5621
1.5103
1.4388
1.3613
1.2786
1.192
1.1024
1.0111
0.91933
0.82822
0.73901
0.65291
0.57106
0.49454
0.42439
0.36152
0.30676
0.26079
0.23709
0.22275
0.21764
0.22149
0.23392
0.2544
0.28234
0.31704
0.3577
0.40347
0.45346
0.50672
0.56228
0.61918
0.67644
0.73313
0.778
0.82088
0.86132
0.89889
0.93325
0.96411
0.99122
1.0144
1.0335
1.0485
1.0593
1.0659
1.0685
1.067
1.0617
1.0526
1.0493
1.0423
1.0316
1.017
0.99866
0.97643
0.9504
0.92065
0.8873
0.85053
0.81058
0.7677
0.72223
0.67454
0.62506
0.57425
0.50896
0.44386
0.37998
0.31839
0.26012
0.20619
0.15756
0.11515
0.079782
0.052198
0.033021
0.022755
0.02177
0.03029
0.048391
0.075988
0.13207
0.19636
0.26768
0.34471
0.42602
0.51011
0.59546
0.68047
0.76359
0.84327
0.91803
0.98647
1.0473
1.0994
1.1416
1.1732
1.1749
1.1655
1.1453
1.115
1.0752
1.0268
0.97099
0.9088
0.84154
0.77059
0.69737
0.62337
0.55007
0.47898
0.41156
0.34922
0.29858
0.25536
0.22054
0.19495
0.17929
0.17414
0.1799
0.19682
0.22497
0.26428
0.31448
0.37515
0.44572
0.52542
0.61337
0.70855
0.82643
0.94862
1.0732
1.1982
1.3216
1.4415
1.5559
1.663
1.7611
1.8485
1.9238
1.9858
2.0336
2.0663
2.0835
2.085
2.0348
1.9705
1.8938
1.8067
1.7116
1.6108
1.5066
1.4017
1.2986
1.1996
1.1072
1.0237
0.95105
0.89113
0.84554
0.81558
0.84384
0.88795
0.94683
1.0191
1.1031
1.197
1.2987
1.4059
1.5163
1.6273
1.7366
1.8416
1.9399
2.0292
2.1073
2.1721
2.19
2.1925
2.1792
2.1503
2.106
2.0467
1.9731
1.8862
1.787
1.6769
1.5571
1.4292
1.2948
1.1556
1.0132
0.86943
0.74262
0.61717
0.49414
0.37453
0.25927
0.14922
0.045148
-0.052252
-0.14238
-0.22474
-0.29892
-0.36461
-0.42159
-0.46975
-0.50906
-0.5396
-0.56879
-0.58933
-0.60131
-0.60487
-0.60027
-0.58783
-0.56798
-0.5412
-0.50808
-0.46924
-0.42541
-0.37736
-0.32592
-0.27198
-0.21647
-0.16033
-0.096774
-0.034823
0.024264
0.079243
0.12891
0.17209
0.20771
0.23476
0.25231
0.25958
0.25589
0.24069
0.2136
0.17438
0.12295
0.059388
-0.028632
-0.1277
-0.23682
-0.35486
-0.48056
-0.61257
-0.74944
-0.88966
-1.0317
-1.174
-1.3149
-1.453
-1.5867
-1.7147
-1.8355
-1.948
-2.0382
-2.1185
-2.1883
-2.2474
-2.2957
-2.3331
-2.3598
-2.376
-2.382
-2.3783
-2.3655
-2.344
-2.3147
-2.2783
-2.2354
-2.1869
-2.1403
-2.0894
-2.0348
-1.9771
-1.9168
-1.8544
-1.7905
-1.7254
-1.6595
-1.5933
-1.527
-1.4609
-1.3953
-1.3303
-1.2661
-1.2027
-1.1432
-1.0845
-1.0266
-0.96929
-0.91247
-0.85595
-0.79953
-0.74303
-0.68628
-0.62912
-0.57139
-0.513
-0.45385
-0.39391
-0.33317
-0.27167
-0.20055
-0.12919
-0.0581
0.012212
0.081195
0.14828
0.21291
0.2745
0.33251
0.38641
0.4357
0.47994
0.51874
0.55176
0.57876
0.59954
0.60306
0.60063
0.59271
0.57982
0.56255
0.54154
0.51749
0.49113
0.46321
0.4345
0.40578
0.37779
0.35128
0.32696
0.30547
0.28742
0.2846
0.28586
0.29122
0.30064
0.31403
0.33122
0.35202
0.37618
0.40342
0.43344
0.4659
0.50049
0.53686
0.57468
0.61362
0.6534
0.6805
0.70834
0.73712
0.76708
0.79847
0.83151
0.86642
0.90343
0.94269
0.98434
1.0285
1.0751
1.1243
1.1758
1.2296
1.2853
1.3581
1.4316
1.505
1.577
1.6467
1.713
1.7748
1.8311
1.8808
1.923
1.9568
1.9815
1.9963
2.0008
1.9944
1.977
1.9341
1.8806
1.8171
1.7446
1.6639
1.5763
1.4828
1.3848
1.2837
1.1808
1.0777
0.97568
0.87631
0.78097
0.69105
0.60786
0.54118
0.48326
0.43483
0.39652
0.36882
0.35209
0.34659
0.35243
0.36961
0.39798
0.43729
0.48716
0.54711
0.61655
0.69479
0.78104
0.87157
0.96844
1.0708
1.1776
1.288
1.4009
1.5154
1.6302
1.7444
1.857
1.9669
2.0732
2.1748
2.271
2.3607
2.4434
2.5215
2.591
2.6513
2.7019
2.7423
2.7721
2.7912
2.7994
2.7969
2.7836
2.7599
2.7263
2.6831
2.6311
2.571
2.5035
2.4202
2.3319
2.2398
2.1456
2.0506
1.9563
1.8642
1.7757
1.692
1.6145
1.5443
1.4824
1.4298
1.3871
1.355
1.3338
1.3373
1.3515
1.3758
1.4095
1.4516
1.501
1.5565
1.6169
1.6806
1.7464
1.8126
1.8778
1.9405
1.9991
2.0523
2.0987
2.1287
2.1497
2.1611
2.1622
2.1525
2.1316
2.0994
2.0557
2.0008
1.9347
1.8579
1.7708
1.6741
1.5686
1.4551
1.3345
1.2014
1.0636
0.9225
0.77949
0.63602
0.49354
0.35345
0.2171
0.085803
-0.039257
-0.15698
-0.26638
-0.36664
-0.45705
-0.53708
-0.60637
-0.64275
-0.66887
-0.6856
-0.69395
-0.69504
-0.69008
-0.68034
-0.6671
-0.65167
-0.63532
-0.61927
-0.60467
-0.59256
-0.58383
-0.57927
-0.57944
-0.61322
-0.65141
-0.6931
-0.73722
-0.78256
-0.82777
-0.87146
-0.91216
-0.94835
-0.97856
-1.0013
-1.0152
-1.0189
-1.0113
-0.9913
-0.95804
-0.89091
-0.81012
-0.7161
-0.60948
-0.4911
-0.36198
-0.22333
-0.076512
0.07696
0.23545
0.3972
0.56041
0.72317
0.88356
1.0397
1.1896
1.3315
1.4636
1.5842
1.6917
1.7846
1.8616
1.9216
1.9637
1.9871
1.9912
1.9759
1.9412
1.8871
1.8143
1.7234
1.6154
1.4695
1.3097
1.1385
0.95826
0.77166
0.5814
0.3902
0.20078
0.015846
-0.16203
-0.33039
-0.48694
-0.62959
-0.75649
-0.86607
-0.95704
-0.99625
-1.0163
-1.018
-1.0023
-0.97067
-0.92459
-0.86585
-0.79643
-0.71842
-0.63401
-0.54548
-0.45509
-0.36511
-0.27773
-0.19506
-0.11906
-0.078263
-0.046586
-0.024529
-0.012386
-0.010244
-0.017998
-0.035348
-0.061818
-0.096765
-0.1394
-0.18878
-0.24388
-0.30355
-0.36658
-0.43172
-0.49766
-0.55139
-0.6038
-0.65402
-0.70122
-0.74463
-0.78351
-0.8172
-0.84511
-0.86672
-0.88158
-0.88937
-0.88983
-0.88278
-0.86816
-0.84601
-0.81643
-0.77898
-0.7346
-0.6837
-0.62675
-0.56429
-0.49693
-0.42533
-0.35018
-0.27224
-0.19225
-0.11099
-0.029247
0.052213
0.13263
0.21128
0.28746
0.35713
0.42322
0.48528
0.54296
0.59595
0.64401
0.68695
0.72468
0.75715
0.78438
0.80645
0.8235
0.83573
0.84339
0.84677
0.84623
0.8401
0.83088
0.81904
0.80511
0.78961
0.77306
0.75596
0.73881
0.72207
0.70619
0.69154
0.67848
0.6673
0.65824
0.65148
0.64712
0.65562
0.66623
0.67855
0.69209
0.70636
0.72083
0.73495
0.74818
0.76001
0.76992
0.77745
0.78218
0.78377
0.78192
0.77641
0.76712
0.73615
0.70199
0.66535
0.62704
0.58789
0.54877
0.51056
0.47414
0.44035
0.41
0.38383
0.3625
0.34659
0.33656
0.33274
0.33534
0.36695
0.40421
0.44615
0.49167
0.5396
0.58867
0.63758
0.685
0.72959
0.77003
0.80507
0.83349
0.8542
0.86621
0.86866
0.86086
0.82073
0.77019
0.70979
0.64022
0.56234
0.47712
0.38566
0.28914
0.18884
0.086049
-0.017875
-0.12159
-0.22375
-0.32306
-0.41829
-0.50828
-0.57773
-0.64044
-0.69606
-0.74438
-0.78527
-0.81876
-0.84495
-0.8641
-0.87651
-0.88263
-0.88297
-0.87811
-0.86871
-0.85545
-0.8391
-0.8204
-0.80344
-0.78556
-0.76742
-0.74966
-0.73291
-0.71774
-0.70469
-0.69425
-0.68684
-0.68282
-0.68247
-0.68601
-0.69355
-0.70515
-0.72077
-0.74029
-0.76951
-0.80196
-0.83708
-0.87425
-0.91279
-0.952
-0.99112
-1.0294
-1.0661
-1.1004
-1.1316
-1.159
-1.182
-1.1999
-1.2123
-1.2186
-1.2124
-1.1998
-1.1807
-1.1554
-1.1239
-1.0867
-1.044
-0.99637
-0.94423
-0.88819
-0.82886
-0.7669
-0.70302
-0.63791
-0.57231
-0.50695
-0.4393
-0.37335
-0.30987
-0.24956
-0.19308
-0.14101
-0.093871
-0.052052
-0.015864
0.014498
0.038954
0.057545
0.070437
0.077916
0.080396
0.078408
0.055917
0.030883
0.0047088
-0.021136
-0.045147
-0.065808
-0.081622
-0.091136
-0.092969
-0.08584
-0.068592
-0.040215
0.00012799
0.053088
0.11911
0.19841
0.3177
0.44913
0.59135
0.74277
0.90167
1.0662
1.2342
1.4038
1.5728
1.7391
1.9005
2.0549
2.2004
2.3351
2.4573
2.5654
2.6328
2.6846
2.7206
2.741
2.7461
2.7365
2.7129
2.6761
2.627
2.5668
2.4966
2.4177
2.3314
2.2389
2.1415
2.0406
1.9501
1.8578
1.7644
1.6704
1.5761
1.4819
1.3881
1.2948
1.202
1.1096
1.0176
0.92571
0.83357
0.74083
0.64705
0.55175
0.46121
0.36792
0.27109
0.16994
0.063732
-0.048236
-0.16659
-0.29188
-0.42454
-0.56489
-0.71313
-0.8693
-1.0333
-1.2048
-1.3835
-1.5686
-1.7838
-2.0031
-2.2244
-2.4457
-2.665
-2.8801
-3.0889
-3.2891
-3.4787
-3.6557
-3.8181
-3.9644
-4.093
-4.2025
-4.2919
-4.3604
-4.3747
-4.3684
-4.3426
-4.2988
-4.2385
-4.1636
-4.076
-3.9779
-3.8713
-3.7587
-3.6422
-3.5241
-3.4065
-3.2915
-3.1811
-3.077
-3.0092
-2.9498
-2.8988
-2.8564
-2.8223
-2.796
-2.777
-2.7647
-2.758
-2.7559
-2.7575
-2.7616
-2.7668
-2.772
-2.776
-2.7775
-2.7611
-2.7405
-2.7153
-2.6849
-2.6491
-2.6077
-2.5604
-2.5072
-2.4483
-2.3838
-2.3139
-2.239
-2.1596
-2.0762
-1.9893
-1.8997
-1.8055
-1.7101
-1.6144
-1.5191
-1.4252
-1.3336
-1.2452
-1.1607
-1.0809
-1.0066
-0.93831
-0.8766
-0.82191
-0.77457
-0.7348
-0.70271
-0.69466
-0.6936
-0.69873
-0.70915
-0.7239
-0.74195
-0.76226
-0.78374
-0.80535
-0.82605
-0.84485
-0.86084
-0.8732
-0.88121
-0.88425
-0.88187
-0.8499
-0.81281
-0.77134
-0.72639
-0.67894
-0.63007
-0.58091
-0.53262
-0.48637
-0.44332
-0.40461
-0.37129
-0.34434
-0.32464
-0.31293
-0.30981
-0.34011
-0.3789
-0.42547
-0.47897
-0.53842
-0.60271
-0.67067
-0.74102
-0.81245
-0.88364
-0.95325
-1.02
-1.0825
-1.1397
-1.1903
-1.2335
-1.2474
-1.2529
-1.2502
-1.2395
-1.2211
-1.1956
-1.1635
-1.1255
-1.0824
-1.0349
-0.98401
-0.93049
-0.87526
-0.81921
-0.76319
-0.70802
-0.66942
-0.63262
-0.59776
-0.56491
-0.53408
-0.50523
-0.47826
-0.45304
-0.42939
-0.40711
-0.38597
-0.36573
-0.34614
-0.32695
-0.30793
-0.28886
-0.25829
-0.22769
-0.19731
-0.16739
-0.13822
-0.11008
-0.083262
-0.05805
-0.034724
-0.013544
0.0052465
0.021435
0.034841
0.045323
0.052782
0.057166
0.047432
0.035036
0.020446
0.0041635
-0.013282
-0.031346
-0.049477
-0.06713
-0.083775
-0.098906
-0.11206
-0.1228
-0.13077
-0.13565
-0.13721
-0.13529
-0.11816
-0.097847
-0.074809
-0.049573
-0.022719
0.005131
0.033327
0.061199
0.088078
0.1133
0.13623
0.15627
0.17286
0.18552
0.19382
0.19744
0.18896
0.17568
0.15778
0.13556
0.10941
0.079791
0.047264
0.012461
-0.023918
-0.061114
-0.098321
-0.13469
-0.16936
-0.20144
-0.23004
-0.25428
-0.27734
-0.2943
-0.30426
-0.30638
-0.29993
-0.28425
-0.2588
-0.22317
-0.17707
-0.12037
-0.053066
0.024662
0.11248
0.20991
0.31628
0.43079
0.56845
0.71166
0.85863
1.0075
1.1563
1.303
1.4456
1.5822
1.7108
1.8295
1.9366
2.0304
2.1094
2.1723
2.2182
2.246
2.2362
2.2081
2.1621
2.099
2.0198
1.9257
1.818
1.6982
1.5681
1.4293
1.2839
1.1336
0.98061
0.82678
0.67412
0.52453
0.38966
0.26108
0.14011
0.027922
-0.074443
-0.16609
-0.24628
-0.31443
-0.37014
-0.41318
-0.44345
-0.46107
-0.46629
-0.45954
-0.44137
-0.4125
-0.36852
-0.31577
-0.25547
-0.18893
-0.11753
-0.042687
0.034166
0.1116
0.18822
0.26265
0.33362
0.39992
0.46045
0.51423
0.56042
0.59832
0.61254
0.61804
0.61512
0.60421
0.58589
0.56084
0.52988
0.49389
0.45384
0.41074
0.36564
0.31961
0.27369
0.22891
0.18624
0.1466
0.12458
0.10666
0.093008
0.083705
0.078723
0.077942
0.081152
0.088062
0.0983
0.11143
0.12694
0.1443
0.16292
0.18217
0.20143
0.22006
0.23384
0.2459
0.25578
0.26304
0.26728
0.26814
0.26532
0.25857
0.2477
0.23259
0.21317
0.18945
0.16151
0.12951
0.093642
0.054197
0.0011442
-0.054445
-0.11178
-0.17004
-0.22839
-0.28601
-0.34206
-0.39577
-0.44642
-0.49332
-0.5359
-0.57364
-0.60616
-0.63317
-0.65449
-0.67009
-0.65729
-0.63979
-0.6187
-0.59519
-0.57051
-0.54594
-0.52278
-0.50232
-0.48577
-0.47433
-0.46906
-0.47092
-0.48072
-0.49912
-0.52658
-0.56339
-0.639
-0.7229
-0.81376
-0.91007
-1.0102
-1.1124
-1.2147
-1.3154
-1.4124
-1.5039
-1.5879
-1.6628
-1.7268
-1.7785
-1.8164
-1.8395
-1.8222
-1.7894
-1.7414
-1.6787
-1.6023
-1.513
-1.4123
-1.3014
-1.1819
-1.0554
-0.92365
-0.78847
-0.6517
-0.51519
-0.38079
-0.25027
-0.13457
-0.025719
0.075071
0.16673
0.24834
0.3191
0.37842
0.42583
0.46108
0.48406
0.49486
0.49376
0.48119
0.45777
0.42427
0.38162
0.32373
0.25915
0.18944
0.11621
0.041166
-0.033969
-0.10746
-0.17758
-0.24264
-0.30105
-0.35128
-0.39192
-0.4217
-0.43952
-0.44445
-0.43575
-0.39948
-0.34918
-0.28519
-0.20807
-0.11856
-0.017598
0.093723
0.21414
0.34228
0.47661
0.61556
0.75743
0.90052
1.0431
1.1834
1.3196
1.4425
1.5583
1.6659
1.764
1.8517
1.9279
1.9918
2.0428
2.0804
2.104
2.1135
2.1089
2.09
2.0573
2.0109
1.9515
1.877
1.7908
1.6939
1.5876
1.4728
1.3509
1.2232
1.0911
0.95585
0.81893
0.6817
0.54554
0.41178
0.28169
0.15647
0.037262
-0.064238
-0.15811
-0.24389
-0.32121
-0.38979
-0.44947
-0.50017
-0.54188
-0.57469
-0.59875
-0.61425
-0.62147
-0.62071
-0.6123
-0.59661
-0.57401
-0.55929
-0.53798
-0.50999
-0.47525
-0.43372
-0.38537
-0.33021
-0.26832
-0.19978
-0.12478
-0.043523
0.043683
0.13647
0.23439
0.33692
0.44346
0.56993
0.6984
0.82747
0.9557
1.0816
1.2038
1.3207
1.4311
1.5334
1.6264
1.709
1.7801
1.8388
1.8842
1.9157
1.9329
1.9176
1.8882
1.8454
1.7902
1.7235
1.6465
1.5606
1.4669
1.367
1.2623
1.1544
1.0447
0.93471
0.82586
0.71952
0.61697
0.53592
0.46035
0.39063
0.32704
0.26973
0.21875
0.17403
0.13543
0.1027
0.075547
0.053585
0.036391
0.023501
0.014424
0.0086568
0.0056943
-0.0054617
-0.014401
-0.021223
-0.026004
-0.028799
-0.02964
-0.028542
-0.025501
-0.020498
-0.013503
-0.0044764
0.0066231
0.019838
0.035207
0.052759
0.072508
0.096524
0.12262
0.15067
0.18054
0.21207
0.24505
0.27927
0.31446
0.35035
0.38662
0.42294
0.45893
0.49419
0.52832
0.56087
0.59138
0.62303
0.65158
0.67642
0.69695
0.71259
0.72277
0.72696
0.72466
0.71543
0.69886
0.67463
0.64248
0.60222
0.55374
0.49704
0.43217
0.35566
0.27156
0.18031
0.082477
-0.021292
-0.13028
-0.24371
-0.36071
-0.48039
-0.60178
-0.7239
-0.84572
-0.96621
-1.0843
-1.199
-1.3093
-1.4161
-1.5166
-1.6095
-1.6941
-1.7695
-1.8349
-1.8895
-1.9329
-1.9645
-1.9839
-1.991
-1.9856
-1.9676
-1.9373
-1.8949
-1.8408
-1.7654
-1.6798
-1.5851
-1.4823
-1.3727
-1.2576
-1.1384
-1.0163
-0.89286
-0.76923
-0.64677
-0.5267
-0.41017
-0.29826
-0.19192
-0.092019
-0.016141
0.052557
0.11419
0.16898
0.21728
0.25952
0.29621
0.32792
0.35529
0.37897
0.39963
0.41794
0.43455
0.45007
0.46507
0.48004
0.51456
0.54917
0.58349
0.61706
0.64937
0.67988
0.70798
0.73309
0.75458
0.77187
0.7844
0.79164
0.79313
0.78847
0.77736
0.75959
0.72147
0.67707
0.62696
0.5718
0.51237
0.4495
0.3841
0.31714
0.24964
0.18263
0.11718
0.054331
-0.0048752
-0.059433
-0.10839
-0.15085
-0.18624
-0.21365
-0.23244
-0.24209
-0.2422
-0.23253
-0.21294
-0.18346
-0.14428
-0.095724
-0.038283
0.027404
0.10055
0.18022
0.26534
0.35473
0.4657
0.57764
0.68845
0.79599
0.89811
0.99269
1.0777
1.1511
1.2112
1.2562
1.2848
1.2956
1.2878
1.2605
1.2133
1.1462
1.0257
0.88695
0.73191
0.56272
0.38176
0.1916
-0.0050676
-0.20544
-0.40668
-0.60595
-0.80045
-0.98749
-1.1645
-1.329
-1.479
-1.6124
-1.69
-1.7493
-1.7906
-1.8145
-1.8216
-1.813
-1.7899
-1.7538
-1.7062
-1.6488
-1.5834
-1.5118
-1.4358
-1.3574
-1.2782
-1.1999
-1.1538
-1.1106
-1.0705
-1.0335
-0.99963
-0.96877
-0.9406
-0.91474
-0.8907
-0.86792
-0.84578
-0.82362
-0.80073
-0.77644
-0.75004
-0.7209
-0.67131
-0.61844
-0.56238
-0.50329
-0.44139
-0.37695
-0.3103
-0.24181
-0.17191
-0.10104
-0.029681
0.041659
0.11247
0.18222
0.25041
0.31652
0.37325
0.42721
0.47818
0.52599
0.57048
0.61151
0.649
0.68287
0.71306
0.73956
0.76235
0.78147
0.79694
0.80882
0.81718
0.82209
0.8247
0.82402
0.82011
0.81307
0.80297
0.7899
0.77395
0.75522
0.7338
0.70979
0.68329
0.65438
0.62317
0.58974
0.5542
0.51662
0.47945
0.44035
0.39936
0.35648
0.31175
0.26519
0.21686
0.16683
0.11516
0.06197
0.0073702
-0.048491
-0.10544
-0.1633
-0.22183
-0.2808
-0.34494
-0.40879
-0.47188
-0.5337
-0.59377
-0.65159
-0.70666
-0.75852
-0.80673
-0.85085
-0.89051
-0.92536
-0.95512
-0.97955
-0.99846
-1.0117
-1.0138
-1.0104
-1.0018
-0.98822
-0.97014
-0.94796
-0.92213
-0.89315
-0.86154
-0.82785
-0.79262
-0.75641
-0.71977
-0.68324
-0.64733
-0.61252
-0.58127
-0.5519
-0.52471
-0.49993
-0.47777
-0.45837
-0.4418
-0.42809
-0.4172
-0.40906
-0.40351
-0.40036
-0.39936
-0.40022
-0.40259
-0.4061
-0.41411
-0.4223
-0.43011
-0.43694
-0.4422
-0.44533
-0.44575
-0.44296
-0.43647
-0.42585
-0.41073
-0.39079
-0.36582
-0.33564
-0.3002
-0.25952
-0.20527
-0.14635
-0.083323
-0.016834
0.052414
0.12366
0.19611
0.26891
0.34123
0.41221
0.481
0.54677
0.60873
0.66614
0.7183
0.7646
0.79548
0.81981
0.83752
0.84863
0.85322
0.85148
0.84364
0.83002
0.81097
0.78693
0.75835
0.72573
0.68959
0.65048
0.60893
0.5655
0.52629
0.48606
0.44511
0.40376
0.36226
0.32086
0.27978
0.23921
0.19932
0.16025
0.1221
0.084972
0.048922
0.013994
-0.01979
-0.052426
-0.085252
-0.11691
-0.14739
-0.1767
-0.20484
-0.23184
-0.25771
-0.28249
-0.30619
-0.32886
-0.35051
-0.37118
-0.39088
-0.40964
-0.42745
-0.44432
-0.46154
-0.47777
-0.49293
-0.50696
-0.51977
-0.53128
-0.54142
-0.55008
-0.55719
-0.56266
-0.56641
-0.56836
-0.56845
-0.56662
-0.56281
-0.557
-0.54654
-0.53412
-0.51983
-0.50378
-0.48608
-0.46685
-0.4462
-0.42428
-0.4012
-0.3771
-0.35209
-0.32632
-0.29987
-0.27288
-0.24543
-0.21762
-0.19452
-0.17104
-0.14707
-0.12249
-0.097205
-0.07109
-0.044049
-0.015994
0.013145
0.043415
0.074842
0.10742
0.14112
0.17586
0.21156
0.24807
0.29498
0.34201
0.38862
0.43421
0.47822
0.52008
0.55922
0.59512
0.6273
0.65532
0.67881
0.69746
0.71104
0.71941
0.72252
0.72041
0.69619
0.66767
0.63573
0.60134
0.56551
0.52926
0.49365
0.45971
0.42846
0.40086
0.3778
0.36009
0.34844
0.34344
0.34556
0.35511
0.39568
0.44311
0.49647
0.55473
0.61674
0.68131
0.74716
0.81298
0.87749
0.93939
0.99744
1.0505
1.0975
1.1374
1.1695
1.1931
1.182
1.1625
1.1353
1.1012
1.0612
1.0164
0.96812
0.91756
0.86607
0.81499
0.76566
0.71938
0.6774
0.64091
0.61094
0.58845
0.59251
0.60482
0.62523
0.65345
0.68903
0.73139
0.77983
0.83351
0.8915
0.95279
1.0163
1.0809
1.1454
1.2087
1.2695
1.3267
1.3789
1.4254
1.4654
1.4979
1.5224
1.538
1.5444
1.5413
1.5285
1.5059
1.4738
1.4324
1.3823
1.3242
1.2589
1.1874
1.0895
0.98851
0.88644
0.78548
0.68784
0.59569
0.51116
0.43632
0.37309
0.32325
0.28838
0.26984
0.26872
0.28587
0.3218
0.37672
0.48536
0.61127
0.75251
0.90688
1.0719
1.2449
1.4231
1.6036
1.7833
1.9593
2.1285
2.288
2.4352
2.5672
2.6819
2.777
2.8197
2.8406
2.8394
2.8164
2.7719
2.7067
2.6218
2.5186
2.3984
2.2631
2.1146
1.9549
1.7861
1.6106
1.4305
1.2483
1.0781
0.90968
0.74488
0.58534
0.43258
0.28804
0.15296
0.028474
-0.084494
-0.18518
-0.27303
-0.34764
-0.40886
-0.45667
-0.49129
-0.5131
-0.51295
-0.50155
-0.48012
-0.44999
-0.41262
-0.36951
-0.32225
-0.27243
-0.22165
-0.17148
-0.12343
-0.078926
-0.039306
-0.0057671
0.020636
0.039013
0.025428
0.0033493
-0.026782
-0.064355
-0.10861
-0.15865
-0.21348
-0.27199
-0.33304
-0.39542
-0.45792
-0.51934
-0.57851
-0.63431
-0.68572
-0.73181
-0.74733
-0.75688
-0.76074
-0.75933
-0.75314
-0.74278
-0.72895
-0.71239
-0.6939
-0.6743
-0.65444
-0.63513
-0.61717
-0.60131
-0.58825
-0.57858
-0.59257
-0.61018
-0.63105
-0.65473
-0.68067
-0.70824
-0.73678
-0.76554
-0.79376
-0.82066
-0.84542
-0.86726
-0.88541
-0.89914
-0.90776
-0.91064
-0.89293
-0.86897
-0.83884
-0.80274
-0.76089
-0.71361
-0.66127
-0.60428
-0.54309
-0.4782
-0.41009
-0.3393
-0.26634
-0.19171
-0.11592
-0.039424
0.02623
0.092141
0.15833
0.22484
0.29175
0.35915
0.42718
0.49593
0.56555
0.63614
0.70782
0.78067
0.85474
0.93007
1.0066
1.0844
1.1702
1.2567
1.3435
1.43
1.5157
1.6002
1.6827
1.7628
1.8398
1.913
1.9819
2.0459
2.1044
2.1568
2.2027
2.2415
2.2725
2.2957
2.3108
2.3176
2.3159
2.3056
2.2869
2.2597
2.2242
2.1807
2.1296
2.0712
2.006
1.9348
1.858
1.7765
1.6823
1.5852
1.4865
1.3872
1.2886
1.1918
1.0981
1.0085
0.92413
0.84588
0.77467
0.71128
0.65635
0.61041
0.57386
0.54693
0.5451
0.55242
0.56818
0.59152
0.62151
0.6571
0.69715
0.74052
0.78599
0.83236
0.87842
0.92303
0.96506
1.0035
1.0373
1.0658
1.0717
1.0715
1.0653
1.0533
1.0359
1.0136
0.9868
0.95631
0.92282
0.88711
0.85001
0.81238
0.7751
0.73904
0.70504
0.67391
0.66013
0.65021
0.64434
0.64263
0.64512
0.6518
0.66262
0.67746
0.69614
0.71847
0.7442
0.77306
0.80475
0.83894
0.87533
0.91357
0.94109
0.97022
1.001
1.0337
1.0681
1.1044
1.1427
1.1829
1.225
1.2688
1.3144
1.3614
1.4097
1.4589
1.5087
1.5588
1.6239
1.6877
1.7491
1.807
1.8603
1.9079
1.9487
1.9816
2.0058
2.0204
2.0245
2.0176
1.9991
1.9688
1.9262
1.8715
1.7833
1.6841
1.5749
1.4573
1.3326
1.2023
1.068
0.93146
0.79421
0.65792
0.5242
0.39456
0.27047
0.15323
0.044057
-0.056024
-0.12203
-0.17821
-0.22486
-0.26245
-0.29161
-0.31307
-0.32771
-0.33647
-0.34037
-0.3405
-0.33793
-0.33376
-0.32906
-0.32485
-0.32207
-0.32161
-0.34646
-0.37424
-0.40473
-0.43759
-0.47237
-0.50854
-0.54549
-0.58255
-0.61899
-0.65406
-0.68699
-0.717
-0.74333
-0.76526
-0.78212
-0.79328
-0.77981
-0.76028
-0.73495
-0.70414
-0.66824
-0.62771
-0.58305
-0.5348
-0.48353
-0.42982
-0.37426
-0.31744
-0.25992
-0.20223
-0.14486
-0.088261
-0.04973
-0.012112
0.024892
0.061628
0.098474
0.13583
0.17411
0.21373
0.25506
0.29849
0.34433
0.39285
0.44426
0.49869
0.5562
0.61676
0.69772
0.78078
0.86503
0.94949
1.0331
1.1149
1.1936
1.2682
1.3377
1.401
1.4571
1.5051
1.5441
1.5735
1.5926
1.601
1.5818
1.5519
1.512
1.4626
1.4045
1.3386
1.266
1.1877
1.1049
1.0187
0.93032
0.84101
0.75195
0.66432
0.57924
0.49776
0.42993
0.36722
0.31009
0.25891
0.21393
0.17531
0.14308
0.11719
0.097463
0.083639
0.07536
0.072186
0.073597
0.079009
0.087779
0.099219
0.11556
0.13303
0.15079
0.16798
0.18376
0.19734
0.20796
0.21494
0.21765
0.21557
0.20828
0.19543
0.17684
0.1524
0.12215
0.086257
0.032059
-0.026659
-0.088931
-0.15369
-0.2198
-0.28605
-0.3512
-0.41399
-0.47317
-0.5275
-0.5758
-0.61696
-0.64993
-0.67381
-0.68779
-0.69122
-0.66954
-0.63694
-0.59372
-0.54032
-0.47734
-0.40552
-0.32571
-0.23889
-0.14614
-0.048619
0.052446
0.15578
0.26007
0.36401
0.46627
0.56558
0.65527
0.7398
0.81824
0.88975
0.95357
1.009
1.0556
1.0929
1.1205
1.1384
1.1463
1.1445
1.133
1.1122
1.0826
1.0446
0.99183
0.93237
0.86724
0.79758
0.72458
0.64946
0.57344
0.49775
0.42358
0.3521
0.28439
0.22146
0.16425
0.11356
0.070095
0.034411
0.021142
0.015887
0.018308
0.027936
0.044184
0.066361
0.093685
0.12531
0.16031
0.19775
0.23667
0.27608
0.31504
0.35264
0.388
0.42033
0.43576
0.44729
0.45482
0.45838
0.45805
0.45403
0.44659
0.43609
0.42293
0.40759
0.39058
0.37248
0.35386
0.33534
0.31752
0.301
0.29291
0.28703
0.28367
0.28309
0.28553
0.29119
0.30021
0.31269
0.3287
0.34823
0.37124
0.39766
0.42734
0.46012
0.49576
0.53401
0.57383
0.61568
0.65922
0.70409
0.74992
0.79629
0.84281
0.88905
0.93458
0.97898
1.0218
1.0627
1.1013
1.1371
1.1698
1.1991
1.2233
1.2435
1.2597
1.2717
1.2794
1.2827
1.2817
1.2764
1.2668
1.253
1.2352
1.2136
1.1883
1.1596
1.1278
1.0931
1.0582
1.0211
0.98186
0.94089
0.89846
0.85486
0.81042
0.76547
0.72035
0.6754
0.63096
0.58739
0.54503
0.50423
0.46533
0.42865
0.39058
0.35549
0.32379
0.29587
0.27209
0.25275
0.23814
0.22848
0.22393
0.2246
0.23053
0.24171
0.25803
0.27934
0.3054
0.33591
0.37355
0.4147
0.45876
0.50507
0.55291
0.60153
0.65014
0.69794
0.74411
0.78783
0.82826
0.86463
0.89614
0.92208
0.94174
0.9545
0.96474
0.96689
0.96038
0.94474
0.91959
0.88468
0.83988
0.78519
0.72074
0.64682
0.56383
0.47235
0.37307
0.26682
0.15457
0.037421
-0.1034
-0.246
-0.38834
-0.52832
-0.66386
-0.79286
-0.91333
-1.0233
-1.1211
-1.205
-1.2735
-1.3255
-1.3599
-1.376
-1.3733
-1.3517
-1.2766
-1.1842
-1.0764
-0.95531
-0.82326
-0.68271
-0.53626
-0.3866
-0.23642
-0.088415
0.05478
0.19065
0.31681
0.43109
0.53154
0.61646
0.64183
0.65063
0.6435
0.62138
0.58546
0.53715
0.47805
0.40994
0.33468
0.25423
0.17061
0.0858
0.0017649
-0.079615
-0.15657
-0.22749
-0.24725
-0.25978
-0.2655
-0.26503
-0.25913
-0.24868
-0.23469
-0.21823
-0.2004
-0.18235
-0.1652
-0.15002
-0.13782
-0.12949
-0.12582
-0.12744
-0.17679
-0.23073
-0.28797
-0.34708
-0.40649
-0.46461
-0.51976
-0.57027
-0.61451
-0.6509
-0.67795
-0.69432
-0.69883
-0.69048
-0.66849
-0.63235
-0.54412
-0.44276
-0.32978
-0.20696
-0.076251
0.060219
0.20019
0.34131
0.48117
0.61734
0.74743
0.8691
0.98012
1.0784
1.1621
1.2294
1.2512
1.255
1.2408
1.209
1.16
1.0947
1.014
0.91911
0.81151
0.69273
0.56447
0.42855
0.28687
0.14139
-0.0059073
-0.15303
-0.28614
-0.41569
-0.54025
-0.65847
-0.76912
-0.87108
-0.96334
-1.045
-1.1155
-1.174
-1.2203
-1.2539
-1.2749
-1.2833
-1.2792
-1.2629
-1.2306
-1.1874
-1.1341
-1.0716
-1.0009
-0.92335
-0.83996
-0.75197
-0.66063
-0.56715
-0.47276
-0.37863
-0.28587
-0.19556
-0.10866
-0.026049
0.035019
0.090896
0.14159
0.18721
0.22796
0.26413
0.29605
0.32415
0.34886
0.37066
0.39002
0.40743
0.42335
0.43821
0.45239
0.46623
0.50427
0.54164
0.57766
0.6116
0.64274
0.67032
0.6936
0.71188
0.72452
0.73093
0.73062
0.72322
0.70846
0.6862
0.65648
0.61947
0.54669
0.46842
0.38628
0.30198
0.21736
0.13428
0.05464
-0.019672
-0.086809
-0.145
-0.19259
-0.22804
-0.25001
-0.25733
-0.24905
-0.22448
-0.15349
-0.066599
0.035114
0.15032
0.27748
0.41487
0.5606
0.71264
0.86886
1.0271
1.1851
1.3407
1.4917
1.636
1.7716
1.8965
1.9838
2.0582
2.1191
2.1663
2.1997
2.2193
2.2255
2.2184
2.1987
2.1669
2.1239
2.0705
2.0074
1.9358
1.8565
1.7706
1.6969
1.618
1.5341
1.4456
1.3528
1.2559
1.1553
1.0513
0.94412
0.83401
0.72127
0.6062
0.48909
0.37026
0.25006
0.12886
-0.007453
-0.14344
-0.27814
-0.41061
-0.53989
-0.66502
-0.7851
-0.89922
-1.0066
-1.1063
-1.1979
-1.2805
-1.3537
-1.417
-1.4701
-1.5128
-1.5265
-1.5302
-1.5247
-1.5108
-1.4893
-1.4612
-1.4273
-1.3887
-1.3463
-1.3009
-1.2534
-1.2045
-1.1549
-1.1053
-1.0559
-1.0073
-0.9866
-0.96596
-0.94438
-0.92078
-0.89403
-0.86292
-0.82626
-0.78285
-0.73154
-0.67125
-0.601
-0.51994
-0.42736
-0.32274
-0.20573
-0.076223
0.097952
0.28311
0.47762
0.67964
0.88718
1.0981
1.3102
1.5213
1.7289
1.9307
2.1246
2.3083
2.4797
2.637
2.7784
2.9024
2.9799
3.0387
3.0788
3.1008
3.1052
3.0928
3.0647
3.0222
2.9665
2.8992
2.8219
2.7362
2.6439
2.5466
2.4462
2.3443
2.2563
2.1695
2.0847
2.0029
1.9248
1.851
1.782
1.7182
1.6597
1.6068
1.5592
1.517
1.4798
1.4472
1.4188
1.394
1.3741
1.3565
1.3403
1.3245
1.3083
1.2909
1.2712
1.2485
1.2219
1.1908
1.1543
1.112
1.0632
1.0078
0.94534
0.87577
0.7872
0.69203
0.59095
0.48474
0.3743
0.26061
0.14474
0.027812
-0.089011
-0.20454
-0.31759
-0.42697
-0.53154
-0.63022
-0.72196
-0.80583
-0.86799
-0.92116
-0.96513
-0.99985
-1.0254
-1.0418
-1.0493
-1.0484
-1.0394
-1.0228
-0.99919
-0.96917
-0.93341
-0.89261
-0.84751
-0.79884
-0.7571
-0.71293
-0.66673
-0.61889
-0.56977
-0.51975
-0.46917
-0.41837
-0.36767
-0.31739
-0.26782
-0.21927
-0.172
-0.1263
-0.082431
-0.040643
0.0069146
0.051632
0.093013
0.13058
0.16389
0.19254
0.21615
0.23442
0.2471
0.25399
0.25498
0.25001
0.23912
0.22241
0.20009
0.17243
0.12918
0.081737
0.030964
-0.022216
-0.076839
-0.13191
-0.18642
-0.23937
-0.28977
-0.33667
-0.37916
-0.41639
-0.44759
-0.47208
-0.48927
-0.49868
-0.48673
-0.46684
-0.43931
-0.40457
-0.36316
-0.31566
-0.26276
-0.20521
-0.14378
-0.079293
-0.012578
0.055531
0.12421
0.19268
0.26017
0.326
0.37613
0.42386
0.46915
0.51203
0.5526
0.591
0.62742
0.66212
0.69534
0.72739
0.75857
0.78917
0.81948
0.84979
0.88035
0.91135
0.95139
0.99187
1.0326
1.0732
1.1135
1.1531
1.1916
1.2286
1.2638
1.2965
1.3264
1.3529
1.3757
1.3942
1.4081
1.4169
1.422
1.4212
1.4143
1.401
1.381
1.3543
1.3206
1.2801
1.2328
1.179
1.1188
1.0527
0.98108
0.90452
0.82365
0.73917
0.63901
0.5373
0.43537
0.33461
0.23639
0.14208
0.053017
-0.029531
-0.10437
-0.1704
-0.22665
-0.27227
-0.30659
-0.32909
-0.33943
-0.33746
-0.30449
-0.26013
-0.20547
-0.14173
-0.070298
0.0073146
0.089499
0.17457
0.26079
0.34639
0.42965
0.50882
0.58227
0.64841
0.70581
0.75314
0.7739
0.783
0.78013
0.76521
0.73829
0.69963
0.64964
0.5889
0.51815
0.43825
0.3502
0.25511
0.15418
0.048686
-0.060031
-0.17059
-0.27556
-0.37981
-0.48214
-0.58138
-0.6764
-0.76612
-0.8495
-0.92559
-0.99351
-1.0525
-1.1018
-1.1409
-1.1693
-1.1866
-1.1927
-1.1874
-1.1713
-1.1439
-1.1055
-1.0564
-0.99708
-0.92809
-0.85013
-0.76398
-0.6705
-0.57064
-0.4654
-0.35585
-0.24312
-0.12835
-0.0127
0.10264
0.22116
0.33691
0.44864
0.5551
0.65513
0.74767
0.83171
0.9064
0.97097
1.0248
1.0675
1.0986
1.118
1.1257
1.1219
1.1068
1.0658
1.0151
0.956
0.88993
0.81834
0.74279
0.66484
0.58611
0.50817
0.43257
0.36078
0.2942
0.2341
0.18162
0.13775
0.10331
0.10233
0.11108
0.12901
0.15543
0.18948
0.23016
0.27637
0.32691
0.38055
0.43597
0.49187
0.54697
0.6
0.64977
0.69517
0.7352
0.74472
0.74809
0.74553
0.73738
0.72411
0.70628
0.68456
0.65965
0.63236
0.60349
0.57389
0.54438
0.51579
0.4889
0.46443
0.44302
0.44409
0.4486
0.4563
0.46682
0.47974
0.49457
0.51072
0.5276
0.54456
0.56092
0.57601
0.58914
0.59967
0.60696
0.61043
0.60956
0.59234
0.57035
0.54368
0.51248
0.477
0.43752
0.39442
0.34811
0.29906
0.24778
0.19481
0.14074
0.086139
0.031612
-0.022246
-0.074846
-0.12045
-0.16387
-0.20477
-0.24283
-0.27777
-0.30936
-0.33738
-0.36167
-0.3821
-0.39856
-0.41101
-0.41942
-0.42382
-0.42425
-0.42079
-0.41356
-0.40093
-0.38487
-0.36562
-0.34344
-0.31862
-0.29142
-0.26214
-0.23105
-0.19845
-0.16458
-0.12972
-0.094083
-0.057899
-0.021359
0.015367
0.052134
0.078094
0.10421
0.13078
0.15807
0.18639
0.21599
0.24714
0.28002
0.31481
0.3516
0.39043
0.43126
0.47397
0.51836
0.56413
0.6109
0.67865
0.7457
0.81072
0.87233
0.92915
0.97977
1.0228
1.057
1.0811
1.0939
1.0945
1.0821
1.0558
1.0153
0.96017
0.89044
0.77974
0.65581
0.52014
0.3744
0.22042
0.060176
-0.10426
-0.27075
-0.43711
-0.60116
-0.76075
-0.91379
-1.0583
-1.1924
-1.3144
-1.4227
-1.4924
-1.547
-1.5862
-1.6104
-1.6198
-1.6151
-1.597
-1.5664
-1.5245
-1.4723
-1.4113
-1.3428
-1.2683
-1.1892
-1.1071
-1.0235
-0.95091
-0.87916
-0.80919
-0.74185
-0.67791
-0.61804
-0.56279
-0.51262
-0.46788
-0.42878
-0.39545
-0.3679
-0.34601
-0.32958
-0.31832
-0.31183
-0.31429
-0.32039
-0.32938
-0.34047
-0.35281
-0.36559
-0.37796
-0.38912
-0.39831
-0.4048
-0.40797
-0.40726
-0.4022
-0.39245
-0.37776
-0.35803
-0.31826
-0.2741
-0.22632
-0.17582
-0.12356
-0.070588
-0.018016
0.033021
0.081368
0.12588
0.16542
0.19894
0.22541
0.24392
0.25365
0.25391
0.22903
0.19424
0.14978
0.096032
0.033517
-0.037121
-0.11512
-0.19961
-0.28965
-0.38418
-0.48213
-0.58234
-0.68364
-0.78485
-0.88478
-0.98227
-1.0684
-1.1502
-1.2269
-1.2979
-1.3623
-1.4199
-1.47
-1.5123
-1.5465
-1.5724
-1.59
-1.5991
-1.5998
-1.5923
-1.5768
-1.5537
-1.5217
-1.4829
-1.4378
-1.387
-1.3311
-1.2709
-1.207
-1.1401
-1.071
-1.0004
-0.92899
-0.85746
-0.78647
-0.71664
-0.64855
-0.58273
-0.52692
-0.47404
-0.42419
-0.37743
-0.33376
-0.29316
-0.25555
-0.22083
-0.18888
-0.15956
-0.13271
-0.10819
-0.085841
-0.065537
-0.047158
-0.030611
-0.0063618
0.015833
0.035657
0.052772
0.066825
0.077449
0.08428
0.086954
0.085124
0.078461
0.066667
0.049479
0.026677
-0.0019071
-0.036387
-0.076813
-0.1323
-0.19333
-0.25943
-0.33009
-0.40474
-0.48277
-0.56353
-0.64634
-0.73051
-0.81533
-0.9001
-0.98413
-1.0667
-1.1473
-1.2251
-1.2997
-1.3618
-1.42
-1.474
-1.524
-1.5698
-1.6115
-1.649
-1.6826
-1.7124
-1.7383
-1.7608
-1.7797
-1.7955
-1.8081
-1.8177
-1.8246
-1.8363
-1.8451
-1.8508
-1.8533
-1.8523
-1.8476
-1.839
-1.8263
-1.8093
-1.7878
-1.7616
-1.7307
-1.695
-1.6543
-1.6087
-1.5583
-1.4983
-1.434
-1.3656
-1.2936
-1.2184
-1.1407
-1.0609
-0.97965
-0.89755
-0.81527
-0.73345
-0.65277
-0.57389
-0.49749
-0.42421
-0.35469
-0.29092
-0.23202
-0.1785
-0.13078
-0.089272
-0.054304
-0.026165
-0.0050758
0.0088035
0.01538
0.014629
0.006593
-0.0086133
-0.030807
-0.059738
-0.095085
-0.13559
-0.1817
-0.23294
-0.28878
-0.34863
-0.41185
-0.47776
-0.54565
-0.61475
-0.68429
-0.75347
-0.82147
-0.88748
-0.95066
-1.0102
-1.0654
-1.1215
-1.1716
-1.2146
-1.2498
-1.2762
-1.2934
-1.3005
-1.2972
-1.283
-1.2577
-1.221
-1.173
-1.1138
-1.0437
-0.96297
-0.87223
-0.75565
-0.63101
-0.49974
-0.36338
-0.22353
-0.081827
0.060094
0.2006
0.3381
0.47108
0.5981
0.71783
0.82909
0.93085
1.0222
1.1025
1.1456
1.1776
1.1994
1.2119
1.2161
1.2133
1.2048
1.1919
1.176
1.1584
1.1405
1.1237
1.1092
1.098
1.0912
1.0896
1.1237
1.1632
1.2073
1.2552
1.3058
1.3581
1.4108
1.4626
1.5122
1.5582
1.5993
1.6341
1.6616
1.6804
1.6896
1.6882
1.6495
1.5999
1.5398
1.4699
1.391
1.3041
1.21
1.11
1.0053
0.89713
0.78673
0.67542
0.56447
0.45514
0.3486
0.24597
0.16717
0.093544
0.025256
-0.03764
-0.095189
-0.14753
-0.19489
-0.23758
-0.27597
-0.3105
-0.34164
-0.36991
-0.39584
-0.41998
-0.44286
-0.46503
-0.50019
-0.53514
-0.56987
-0.60434
-0.63847
-0.67217
-0.70531
-0.73778
-0.76943
-0.80012
-0.82969
-0.85802
-0.88498
-0.91045
-0.93436
-0.95664
-0.96524
-0.97258
-0.9791
-0.98522
-0.99141
-0.99811
-1.0057
-1.0147
-1.0254
-1.0382
-1.0533
-1.071
-1.0913
-1.1145
-1.1404
-1.169
-1.213
-1.2589
-1.3058
-1.3531
-1.3997
-1.4448
-1.4875
-1.5268
-1.5618
-1.5917
-1.6156
-1.6327
-1.6424
-1.6439
-1.6368
-1.6208
-1.5843
-1.5388
-1.4847
-1.4223
-1.3523
-1.2754
-1.1923
-1.104
-1.0114
-0.91547
-0.8173
-0.71796
-0.61854
-0.52015
-0.42386
-0.33073
-0.24501
-0.16426
-0.089252
-0.020692
0.040804
0.094713
0.14061
0.17816
0.20715
0.22747
0.23912
0.24221
0.23696
0.22368
0.20281
0.17485
0.13207
0.083749
0.030913
-0.025359
-0.083955
-0.14375
-0.20364
-0.26253
-0.31937
-0.37318
-0.42307
-0.46822
-0.50793
-0.54163
-0.56886
-0.58933
-0.58677
-0.57782
-0.56315
-0.54356
-0.51997
-0.4934
-0.46492
-0.43565
-0.40678
-0.37947
-0.35488
-0.33414
-0.31831
-0.3084
-0.3053
-0.30979
-0.33636
-0.3712
-0.4142
-0.46513
-0.5236
-0.58911
-0.66103
-0.73861
-0.82101
-0.90728
-0.99642
-1.0873
-1.1789
-1.2701
-1.3596
-1.4462
-1.5262
-1.6013
-1.6706
-1.7332
-1.7882
-1.8349
-1.8727
-1.9011
-1.9197
-1.9281
-1.9262
-1.9139
-1.8914
-1.8588
-1.8165
-1.765
-1.6941
-1.6156
-1.5307
-1.4406
-1.3468
-1.2506
-1.1533
-1.0564
-0.96116
-0.86895
-0.781
-0.69847
-0.62241
-0.55377
-0.49333
-0.44174
-0.41837
-0.40403
-0.39823
-0.40035
-0.40964
-0.42521
-0.44611
-0.4713
-0.49966
-0.53008
-0.56142
-0.59255
-0.62238
-0.64986
-0.67404
-0.69403
-0.69044
-0.6819
-0.66853
-0.65055
-0.62829
-0.60217
-0.57272
-0.54051
-0.5062
-0.4705
-0.43413
-0.39784
-0.36238
-0.3285
-0.29689
-0.26823
-0.25525
-0.24594
-0.24034
-0.23844
-0.24018
-0.24541
-0.25392
-0.26546
-0.27971
-0.2963
-0.31484
-0.33489
-0.35599
-0.37766
-0.39943
-0.42079
-0.43678
-0.4516
-0.46495
-0.47656
-0.48618
-0.49358
-0.49858
-0.50101
-0.50075
-0.49771
-0.49182
-0.48308
-0.4715
-0.45714
-0.44008
-0.42046
-0.3996
-0.37648
-0.35127
-0.32419
-0.29547
-0.26536
-0.23413
-0.20208
-0.16953
-0.13678
-0.10417
-0.072035
-0.040701
-0.010499
0.018248
0.045231
0.075303
0.10289
0.12757
0.14896
0.16671
0.18053
0.19018
0.1955
0.19637
0.19276
0.18473
0.1724
0.15598
0.13576
0.1121
0.085453
0.043587
0.00025071
-0.043483
-0.086504
-0.12769
-0.16591
-0.20008
-0.22914
-0.25209
-0.26803
-0.27615
-0.27576
-0.2663
-0.24735
-0.21866
-0.18013
-0.11486
-0.040664
0.041454
0.13035
0.22476
0.32328
0.42445
0.52672
0.62849
0.72818
0.82417
0.9149
0.99886
1.0746
1.1408
1.1963
1.228
1.2475
1.2544
1.2485
1.2298
1.1985
1.155
1.0998
1.0334
0.95676
0.87068
0.77624
0.6746
0.56697
0.45468
0.33908
0.22293
0.10624
-0.0096245
-0.12327
-0.23336
-0.33857
-0.43767
-0.52948
-0.61293
-0.68705
-0.75096
-0.80396
-0.84544
-0.87496
-0.89223
-0.89711
-0.88433
-0.85954
-0.82325
-0.77612
-0.71896
-0.65268
-0.57832
-0.49703
-0.41002
-0.31857
-0.22404
-0.12779
-0.031222
0.064286
0.15736
0.24668
0.32891
0.405
0.47387
0.53459
0.58628
0.62822
0.6598
0.68054
0.6901
0.68829
0.67507
0.65054
0.61495
0.56869
0.5123
0.44645
0.3663
0.27856
0.18444
0.08523
-0.017714
-0.12297
-0.22911
-0.33467
-0.4382
-0.5383
-0.63359
-0.72278
-0.80464
-0.87808
-0.94209
-0.99582
-1.0309
-1.0546
-1.0669
-1.0678
-1.0574
-1.036
-1.0041
-0.96226
-0.91123
-0.85182
-0.78496
-0.71169
-0.6331
-0.55035
-0.46465
-0.37723
-0.29107
-0.20559
-0.12196
-0.041306
0.035274
0.10676
0.17219
0.2307
0.28152
0.32397
0.35752
0.38171
0.39626
0.40099
0.39586
0.38097
0.35109
0.31222
0.26503
0.21032
0.14897
0.081968
0.010368
-0.06471
-0.14211
-0.22062
-0.29906
-0.37622
-0.45092
-0.52202
-0.58843
-0.64913
-0.69731
-0.73819
-0.77123
-0.79596
-0.81206
-0.81929
-0.81752
-0.80675
-0.78707
-0.75869
-0.72193
-0.67717
-0.62493
-0.56577
-0.50036
-0.42941
-0.35165
-0.26999
-0.18536
-0.098712
-0.011011
0.076783
0.16372
0.24889
0.33141
0.41045
0.48524
0.5551
0.6194
0.67763
0.72934
0.7742
0.79981
0.81859
0.8309
0.83722
0.83806
0.834
0.82567
0.81372
0.79879
0.78155
0.76262
0.74261
0.72204
0.70141
0.68113
0.66152
0.66228
0.66345
0.6644
0.66446
0.6629
0.65894
0.65176
0.64057
0.62457
0.60301
0.57516
0.5404
0.49818
0.44803
0.38965
0.32281
0.22703
0.12352
0.013186
-0.10293
-0.2237
-0.34788
-0.47419
-0.60127
-0.72776
-0.85226
-0.97342
-1.0899
-1.2005
-1.3039
-1.3991
-1.4851
-1.5451
-1.595
-1.6347
-1.6643
-1.6842
-1.6946
-1.6962
-1.6895
-1.6752
-1.6542
-1.6273
-1.5955
-1.5597
-1.5209
-1.4801
-1.4382
-1.4054
-1.3731
-1.342
-1.3126
-1.2853
-1.2605
-1.2387
-1.2202
-1.2052
-1.1938
-1.1862
-1.1825
-1.1826
-1.1865
-1.1941
-1.2052
-1.2153
-1.2286
-1.2449
-1.2641
-1.2859
-1.31
-1.3362
-1.364
-1.3931
-1.4231
-1.4537
-1.4842
-1.5143
-1.5435
-1.5712
-1.5971
-1.6229
-1.6457
-1.665
-1.6802
-1.691
-1.6967
-1.697
-1.6915
-1.6799
-1.6618
-1.637
-1.6055
-1.5671
-1.5217
-1.4695
-1.4106
-1.3466
-1.2763
-1.2
-1.1182
-1.0314
-0.93998
-0.84462
-0.74597
-0.64477
-0.54177
-0.43779
-0.33371
-0.23042
-0.12882
-0.029852
0.065549
0.16554
0.25984
0.34727
0.42666
0.49696
0.55717
0.6064
0.64389
0.66899
0.68123
0.68027
0.66594
0.63827
0.59744
0.54385
0.47806
0.38302
0.27805
0.16483
0.045169
-0.078985
-0.20563
-0.3327
-0.45811
-0.57981
-0.69576
-0.80402
-0.90273
-0.99018
-1.0648
-1.1252
-1.1703
-1.178
-1.1694
-1.1447
-1.1044
-1.0491
-0.97964
-0.89711
-0.80271
-0.69779
-0.5838
-0.46232
-0.33497
-0.20342
-0.069371
0.06549
0.19951
0.31408
0.42528
0.53224
0.63416
0.73038
0.82027
0.90334
0.97917
1.0474
1.1079
1.1604
1.2049
1.2414
1.2699
1.2905
1.3034
1.3212
1.3314
1.3338
1.3284
1.3151
1.294
1.265
1.2285
1.1845
1.1333
1.0753
1.0109
0.94046
0.86456
0.78378
0.69878
0.59868
0.49621
0.39254
0.2889
0.18651
0.086572
-0.0097259
-0.10124
-0.18689
-0.26568
-0.33667
-0.39907
-0.45217
-0.49541
-0.52835
-0.5507
-0.54982
-0.53866
-0.51779
-0.48794
-0.44995
-0.40476
-0.3534
-0.29698
-0.23667
-0.17365
-0.10916
-0.044391
0.01945
0.081214
0.1398
0.1942
0.23271
0.26564
0.29264
0.31344
0.32792
0.33603
0.33786
0.33356
0.32342
0.30779
0.28712
0.26191
0.23274
0.20026
0.16512
0.12806
0.096907
0.065047
0.032984
0.0012329
-0.029697
-0.0593
-0.087085
-0.11257
-0.1353
-0.15483
-0.17076
-0.1827
-0.19029
-0.19323
-0.19124
-0.18406
-0.1778
-0.16581
-0.14777
-0.12343
-0.092588
-0.055122
-0.010981
0.039806
0.09713
0.16079
0.23051
0.30592
0.38654
0.47185
0.56121
0.65391
0.75877
0.86502
0.97144
1.0768
1.1797
1.2789
1.3732
1.4613
1.542
1.6141
1.6767
1.7288
1.7695
1.7983
1.8144
1.8176
1.7944
1.7583
1.7098
1.6496
1.5786
1.4975
1.4075
1.3097
1.2053
1.0955
0.98151
0.86475
0.74649
0.62801
0.51055
0.39531
0.29683
0.20226
0.11213
0.026839
-0.053267
-0.12794
-0.19699
-0.26034
-0.31793
-0.36981
-0.41604
-0.45676
-0.49213
-0.52237
-0.54768
-0.56831
-0.59619
-0.61949
-0.63807
-0.65178
-0.66052
-0.66419
-0.6627
-0.656
-0.64409
-0.62697
-0.60471
-0.57741
-0.54523
-0.50837
-0.4671
-0.42172
-0.36109
-0.29753
-0.23191
-0.16512
-0.098054
-0.031643
0.033207
0.095603
0.15469
0.20965
0.25975
0.30428
0.34266
0.37437
0.399
0.41626
0.41284
0.4022
0.38483
0.36128
0.33221
0.29835
0.26048
0.21944
0.17607
0.13125
0.085839
0.040688
-0.003394
-0.045641
-0.08535
-0.12189
-0.14204
-0.15847
-0.17122
-0.18047
-0.18643
-0.18942
-0.1898
-0.18799
-0.18446
-0.17972
-0.17427
-0.16866
-0.1634
-0.15902
-0.156
-0.1548
-0.16526
-0.17796
-0.19286
-0.20989
-0.2289
-0.24972
-0.2721
-0.29576
-0.32038
-0.34561
-0.37106
-0.39633
-0.42098
-0.44457
-0.46668
-0.48686
-0.49909
-0.50875
-0.51563
-0.51955
-0.52034
-0.51784
-0.51192
-0.50249
-0.48944
-0.47271
-0.45226
-0.42804
-0.40007
-0.36833
-0.33287
-0.29374
-0.25532
-0.21323
-0.16741
-0.11786
-0.064576
-0.007596
0.053007
0.11713
0.18462
0.25529
0.32892
0.40524
0.48392
0.56462
0.64692
0.73038
0.81905
0.90772
0.99569
1.0822
1.1666
1.248
1.3257
1.399
1.4672
1.5295
1.5853
1.634
1.6751
1.708
1.7324
1.7479
1.751
1.7449
1.7296
1.705
1.6716
1.6294
1.5788
1.5202
1.4542
1.3813
1.3022
1.2174
1.1277
1.034
0.93693
0.83742
0.73682
0.63545
0.53414
0.43373
0.33505
0.23889
0.14602
0.057177
-0.026956
-0.10574
-0.17861
-0.24504
-0.30459
-0.3569
-0.40166
-0.43865
-0.46839
-0.49016
-0.50399
-0.50995
-0.50823
-0.49909
-0.48285
-0.45992
-0.43079
-0.396
-0.35617
-0.31194
-0.26404
-0.21321
-0.16023
-0.10592
-0.046423
0.012626
0.070246
0.12548
0.17739
0.22511
0.26781
0.30474
0.33522
0.35868
0.37464
0.38273
0.3827
0.37441
0.35786
0.33318
0.29301
0.24558
0.19163
0.13203
0.067721
-0.00026681
-0.070839
-0.14285
-0.21513
-0.28647
-0.35569
-0.42161
-0.4831
-0.53907
-0.58849
-0.63044
-0.65948
-0.67966
-0.69051
-0.69169
-0.68301
-0.66437
-0.63584
-0.5976
-0.54996
-0.49337
-0.42839
-0.35571
-0.27611
-0.19049
-0.099835
-0.0051985
0.095591
0.19797
0.3006
0.40212
0.50118
0.59642
0.68653
0.77024
0.84634
0.91371
0.97132
1.0182
1.0537
1.077
1.0877
1.0854
1.0623
1.0261
0.97739
0.91657
0.84434
0.76151
0.66902
0.56789
0.45926
0.34435
0.22443
0.10083
-0.025114
-0.15203
-0.27857
-0.40341
-0.5225
-0.63749
-0.74732
-0.85099
-0.94762
-1.0364
-1.1167
-1.1879
-1.2496
-1.3015
-1.3434
-1.3753
-1.3973
-1.4097
-1.4127
-1.4069
-1.3863
-1.3584
-1.3241
-1.2847
-1.2413
-1.195
-1.1472
-1.099
-1.0516
-1.0063
-0.9642
-0.92631
-0.89363
-0.86702
-0.84722
-0.83485
-0.83995
-0.85296
-0.87373
-0.90199
-0.93732
-0.97916
-1.0268
-1.0796
-1.1365
-1.1967
-1.2591
-1.3226
-1.3862
-1.4487
-1.5089
-1.5658
-1.6157
-1.6603
-1.6987
-1.7301
-1.7538
-1.7691
-1.7756
-1.7729
-1.7606
-1.7387
-1.707
-1.6658
-1.6154
-1.5559
-1.4881
-1.4126
-1.3226
-1.2268
-1.1263
-1.0224
-0.91661
-0.81022
-0.7047
-0.60149
-0.502
-0.40763
-0.31969
-0.23942
-0.16797
-0.10636
-0.055506
-0.016154
0.00027228
0.0045386
-0.0032558
-0.022849
-0.053824
-0.095611
-0.14751
-0.20867
-0.27815
-0.3549
-0.43777
-0.52555
-0.61697
-0.71074
-0.80552
-0.9
-0.9876
-1.0725
-1.1537
-1.2301
-1.3009
-1.3651
-1.422
-1.4708
-1.5111
-1.5423
-1.564
-1.5759
-1.5779
-1.57
-1.5521
-1.5246
-1.4856
-1.4376
-1.3811
-1.3168
-1.2453
-1.1675
-1.0841
-0.99609
-0.90429
-0.80967
-0.71317
-0.61573
-0.51826
-0.42168
-0.32683
-0.23453
-0.14863
-0.066604
0.011024
0.083819
0.15142
0.21356
0.27002
0.32071
0.36559
0.40471
0.43819
0.46624
0.48912
0.50716
0.52074
0.53032
0.53522
0.53713
0.53662
0.53428
0.53073
0.52657
0.52239
0.51875
0.5162
0.51524
0.51632
0.51984
0.52612
0.53545
0.548
0.56389
0.58626
0.61186
0.64046
0.67175
0.70535
0.74083
0.77769
0.81536
0.85326
0.89074
0.92716
0.96182
0.99406
1.0232
1.0485
1.0695
1.0883
1.1014
1.1083
1.1084
1.1013
1.0866
1.064
1.0334
0.99471
0.94798
0.89341
0.8313
0.76209
0.68634
0.60472
0.51802
0.41418
0.30757
0.19972
0.092217
-0.01333
-0.11528
-0.21202
-0.30197
-0.3836
-0.45548
-0.5163
-0.56485
-0.60012
-0.62122
-0.62749
-0.61844
-0.57444
-0.51547
-0.44235
-0.35609
-0.25789
-0.14911
-0.031231
0.094141
0.22531
0.36052
0.49798
0.63588
0.77243
0.90589
1.0346
1.1569
1.2536
1.3416
1.4206
1.4899
1.5492
1.5984
1.6374
1.6661
1.6849
1.6939
1.6936
1.6843
1.6667
1.6412
1.6086
1.5694
1.5337
1.4925
1.4461
1.3951
1.3396
1.2802
1.2172
1.1509
1.0818
1.0101
0.93628
0.8606
0.7834
0.70502
0.62576
0.54595
0.46728
0.38867
0.31038
0.23268
0.15585
0.080185
0.0059819
-0.066442
-0.13675
-0.20459
-0.26959
-0.33135
-0.38945
-0.44346
-0.49291
-0.53733
-0.58461
-0.6256
-0.65951
-0.68558
-0.70306
-0.71124
-0.70946
-0.69714
-0.67375
-0.63886
-0.59215
-0.53341
-0.46252
-0.37952
-0.28458
-0.17801
-0.054383
0.079611
0.22304
0.37485
0.53385
0.69872
0.86807
1.0404
1.2141
1.3876
1.5592
1.7271
1.8897
2.0453
2.1921
2.3286
2.4596
2.577
2.6791
2.7646
2.8321
2.8804
2.9086
2.9158
2.9015
2.8653
2.8073
2.7274
2.6263
2.5044
2.3628
2.2026
2.0016
1.7858
1.5579
1.3205
1.0767
0.82937
0.5816
0.33638
0.096682
-0.13463
-0.35482
-0.56133
-0.7518
-0.92415
-1.0765
-1.2074
-1.2793
-1.3288
-1.3567
-1.3639
-1.3517
-1.3217
-1.2755
-1.2151
-1.1424
-1.0596
-0.96885
-0.87227
-0.77201
-0.67013
-0.56859
-0.46918
-0.41119
-0.35709
-0.30683
-0.26021
-0.21681
-0.17609
-0.13738
-0.099893
-0.062781
-0.025132
0.013988
0.055507
0.10032
0.14927
0.20309
0.26243
0.35337
0.44975
0.55093
0.65609
0.76432
0.87456
0.98566
1.0964
1.2054
1.3113
1.4128
1.5085
1.5968
1.6766
1.7464
1.8051
1.8475
1.8768
1.8923
1.8933
1.8793
1.8501
1.8055
1.7456
1.6706
1.581
1.4773
1.3603
1.231
1.0906
0.94029
0.78164
0.59741
0.40868
0.21791
0.027579
-0.15978
-0.34168
-0.51567
-0.67942
-0.83072
-0.96752
-1.088
-1.1905
-1.2737
-1.3366
-1.3783
-1.3986
-1.3628
-1.3067
-1.2321
-1.1409
-1.0353
-0.91775
-0.79093
-0.65751
-0.52031
-0.38216
-0.24585
-0.11414
0.01037
0.12519
0.22807
0.31695
0.35426
0.37557
0.3809
0.37057
0.34514
0.30543
0.25249
0.18756
0.11203
0.027477
-0.064458
-0.16204
-0.2635
-0.36706
-0.47097
-0.57354
-0.65028
-0.72343
-0.79242
-0.85678
-0.91619
-0.97046
-1.0195
-1.0634
-1.1024
-1.1366
-1.1666
-1.1928
-1.2157
-1.2359
-1.2542
-1.2712
-1.2883
-1.3054
-1.3233
-1.3427
-1.3642
-1.3883
-1.4156
-1.4465
-1.4814
-1.5205
-1.5639
-1.6117
-1.6638
-1.7199
-1.7797
-1.8426
-1.9306
-2.0199
-2.1088
-2.1957
-2.279
-2.357
-2.4282
-2.4909
-2.5437
-2.5853
-2.6145
-2.6303
-2.6319
-2.6187
-2.5904
-2.547
-2.4505
-2.3408
-2.2199
-2.09
-1.9533
-1.8125
-1.6701
-1.5288
-1.3911
-1.2596
-1.1367
-1.0248
-0.92595
-0.84202
-0.77463
-0.7251
-0.73591
-0.76479
-0.81065
-0.87211
-0.94748
-1.0348
-1.1321
-1.2368
-1.3467
-1.4592
-1.5717
-1.6817
-1.7867
-1.8841
-1.9719
-2.0477
-2.0774
-2.0928
-2.0936
-2.0796
-2.0509
-2.008
-1.9515
-1.882
-1.8006
-1.7083
-1.6065
-1.4964
-1.3795
-1.2574
-1.1316
-1.0036
-0.89318
-0.78298
-0.6739
-0.56676
-0.46228
-0.36116
-0.264
-0.17136
-0.083694
-0.0014053
0.075182
0.14582
0.21032
0.26856
0.32051
0.36616
0.41472
0.45684
0.4924
0.52132
0.54358
0.55921
0.56834
0.57113
0.56782
0.55871
0.54415
0.52456
0.50044
0.4723
0.44074
0.40638
0.36151
0.31548
0.26931
0.224
0.18055
0.13996
0.10315
0.071022
0.044391
0.023998
0.010489
0.0044076
0.0061813
0.016115
0.034383
0.061026
0.10732
0.16128
0.22214
0.28903
0.36098
0.43692
0.51572
0.59616
0.67703
0.75705
0.83499
0.9096
0.97967
1.0441
1.1017
1.1516
1.1825
1.2044
1.2169
1.2199
1.2133
1.1971
1.1716
1.1369
1.0935
1.0418
0.98239
0.91587
0.84295
0.76438
0.68096
0.59353
0.50827
0.42051
0.33094
0.24027
0.14917
0.05831
-0.031651
-0.12009
-0.20641
-0.29004
-0.37047
-0.4472
-0.5198
-0.58787
-0.65108
-0.70913
-0.76241
-0.81006
-0.85195
-0.88796
-0.91804
-0.94218
-0.96044
-0.9729
-0.97971
-0.98105
-0.97712
-0.96818
-0.95451
-0.93642
-0.91423
-0.88829
-0.85978
-0.82822
-0.79396
-0.75735
-0.71873
-0.67845
-0.63683
-0.59421
-0.55089
-0.50716
-0.46328
-0.41952
-0.3761
-0.33322
-0.29105
-0.24976
-0.20911
-0.16957
-0.13121
-0.094087
-0.05822
-0.023614
0.009759
0.041947
0.073022
0.10308
0.13222
0.16058
0.18829
0.21551
0.2424
0.26912
0.29581
0.32267
0.34986
0.37755
0.40589
0.43502
0.46507
0.49614
0.52833
0.56171
0.59633
0.63221
0.66936
0.70775
0
