0.064526
0.086696
0.10891
0.13117
0.15347
0.17582
0.1982
0.22063
0.2431
0.26561
0.28816
0.31075
0.33338
0.35605
0.37876
0.40151
0.42429
0.44711
0.46997
0.49286
0.51579
0.53875
0.56175
0.58478
0.60785
0.63095
0.65408
0.67724
0.70043
0.72366
0.74691
0.7702
0.79351
0.81685
0.84022
0.86362
0.88705
0.9105
0.93398
0.95748
0.98101
1.0046
1.0281
1.0517
1.0754
1.099
1.1227
1.1464
1.1701
1.1938
1.2176
1.2413
1.2651
1.2889
1.3128
1.3366
1.3604
1.3843
1.4082
1.4321
1.456
1.48
1.5039
1.5279
1.5518
1.5758
1.5998
1.6238
1.6478
1.6718
1.6959
1.7199
1.744
1.768
1.7921
1.8161
1.8402
1.8643
1.8884
1.9124
1.9365
1.9606
1.9847
2.0088
2.0329
2.057
2.0811
2.1052
2.1293
2.1534
2.1775
2.2016
2.2256
2.2497
2.2738
2.2979
2.3219
2.346
2.37
2.3941
2.4181
2.4422
2.4662
2.4902
2.5142
2.5382
2.5622
2.5861
2.6101
2.634
2.658
2.6819
2.7058
2.7297
2.7536
2.7774
2.8013
2.8251
2.8489
2.8727
2.8965
2.9202
2.9439
2.9677
2.9913
3.015
3.0387
3.0623
3.0859
3.1095
3.133
3.1566
3.1801
3.2036
3.227
3.2505
3.2739
3.2972
3.3206
3.3439
3.3672
3.3905
3.4137
3.4369
3.4601
3.4832
3.5063
3.5294
3.5525
3.5755
3.5985
3.6214
3.6443
3.6672
3.69
3.7128
3.7356
3.7583
3.781
3.8037
3.8263
3.8488
3.8714
3.8939
3.9163
3.9387
3.9611
3.9835
4.0057
4.028
4.0502
4.0723
4.0945
4.1165
4.1386
4.1605
4.1825
4.2044
4.2262
4.248
4.2697
4.2914
4.3131
4.3347
4.3562
4.3777
4.3992
4.4206
4.4419
4.4632
4.4845
4.5057
4.5268
4.5479
4.5689
4.5899
4.6108
4.6317
4.6525
4.6733
4.694
4.7146
4.7352
4.7557
4.7762
4.7966
4.817
4.8373
4.8575
4.8777
4.8978
4.9179
4.9379
4.9578
4.9777
4.9975
5.0173
5.037
5.0566
5.0762
5.0957
5.1151
5.1345
5.1538
5.173
5.1922
5.2113
5.2304
5.2494
5.2683
5.2871
5.3059
5.3246
5.3432
5.3618
5.3803
5.3988
5.4171
5.4354
5.4536
5.4718
5.4899
5.5079
5.5258
5.5437
5.5615
5.5792
5.5969
5.6145
5.632
5.6494
5.6667
5.684
5.7012
5.7184
5.7354
5.7524
5.7693
5.7861
5.8029
5.8195
5.8361
5.8526
5.8691
5.8854
5.9017
5.9179
5.934
5.9501
5.966
5.9819
5.9977
6.0134
6.0291
6.0446
6.0601
6.0755
6.0908
6.106
6.1211
6.1362
6.1512
6.1661
6.1809
6.1956
6.2102
6.2247
6.2392
6.2536
6.2679
6.2821
6.2962
6.3102
6.3241
6.338
6.3517
6.3654
6.379
6.3925
6.4059
6.4192
6.4324
6.4455
6.4585
6.4715
6.4843
6.4971
6.5097
6.5223
6.5348
6.5472
6.5595
6.5717
6.5838
6.5958
6.6077
6.6195
6.6312
6.6428
6.6544
6.6658
6.6771
6.6883
6.6995
6.7105
6.7215
6.7323
6.743
6.7537
6.7642
6.7747
6.785
6.7952
6.8054
6.8154
6.8253
6.8352
6.8449
6.8545
6.8641
6.8735
6.8828
6.892
6.9011
6.9101
6.919
6.9278
6.9365
6.9451
6.9536
6.962
6.9702
6.9784
6.9864
6.9944
7.0022
7.0099
7.0176
7.0251
7.0325
7.0398
7.047
7.0541
7.061
7.0679
7.0747
7.0813
7.0878
7.0943
7.1006
7.1068
7.1129
7.1188
7.1247
7.1305
7.1361
7.1416
7.1471
7.1524
7.1576
7.1627
7.1676
7.1725
7.1772
7.1819
7.1864
7.1908
7.1951
7.1993
7.2034
7.2073
7.2112
7.2149
7.2185
7.222
7.2254
7.2287
7.2318
7.2349
7.2378
7.2406
7.2433
7.2459
7.2484
7.2508
7.253
7.2551
7.2572
7.2591
7.2609
7.2625
7.2641
7.2656
7.2669
7.2681
7.2692
7.2702
7.2711
7.2719
7.2726
7.2731
7.2736
7.2739
7.2741
7.2742
7.2742
7.2741
7.2738
7.2735
7.273
7.2724
7.2718
7.271
7.2701
7.2691
7.268
7.2667
7.2654
7.2639
7.2624
7.2607
7.259
7.2571
7.2551
7.253
7.2508
7.2485
7.2461
7.2436
7.2409
7.2382
7.2354
7.2324
7.2294
7.2263
7.223
7.2197
7.2162
7.2127
7.209
7.2053
7.2014
7.1975
7.1934
7.1893
7.185
7.1807
7.1762
7.1717
7.167
7.1623
7.1575
7.1525
7.1475
7.1424
7.1372
7.1319
7.1265
7.121
7.1155
7.1098
7.1041
7.0982
7.0923
7.0863
7.0802
7.074
7.0677
7.0613
7.0549
7.0483
7.0417
7.035
7.0282
7.0214
7.0144
7.0074
7.0003
6.9931
6.9859
6.9785
6.9711
6.9636
6.956
6.9484
6.9407
6.9329
6.925
6.9171
6.9091
6.901
6.8928
6.8846
6.8763
6.868
6.8596
6.8511
6.8425
6.8339
6.8252
6.8164
6.8076
6.7987
6.7898
6.7808
6.7718
6.7626
6.7535
6.7442
6.7349
6.7256
6.7162
6.7067
6.6972
6.6876
6.678
6.6683
6.6586
6.6488
6.639
6.6291
6.6192
6.6092
6.5992
6.5891
6.579
6.5688
6.5586
6.5484
6.5381
6.5277
6.5173
6.5069
6.4965
6.486
6.4754
6.4648
6.4542
6.4436
6.4329
6.4221
6.4114
6.4006
6.3897
6.3789
6.368
6.3571
6.3461
6.3351
6.3241
6.313
6.3019
6.2908
6.2797
6.2685
6.2573
6.2461
6.2349
6.2236
6.2123
6.201
6.1897
6.1783
6.1669
6.1555
6.1441
6.1326
6.1212
6.1097
6.0982
6.0867
6.0751
6.0636
6.052
6.0404
6.0288
6.0172
6.0055
5.9939
5.9822
5.9705
5.9588
5.9471
5.9354
5.9237
5.912
5.9002
5.8884
5.8767
5.8649
5.8531
5.8413
5.8295
5.8177
5.8059
5.794
5.7822
5.7703
5.7585
5.7466
5.7348
5.7229
5.711
5.6991
5.6872
5.6754
5.6635
5.6516
5.6397
5.6277
5.6158
5.6039
5.592
5.5801
5.5682
5.5562
5.5443
5.5324
5.5205
5.5085
5.4966
5.4847
5.4727
5.4608
5.4489
5.4369
5.425
5.4131
5.4011
5.3892
5.3773
5.3653
5.3534
5.3414
5.3295
5.3176
5.3056
5.2937
5.2818
5.2698
5.2579
5.246
5.234
5.2221
5.2102
5.1983
5.1863
5.1744
5.1625
5.1505
5.1386
5.1267
5.1148
5.1028
5.0909
5.079
5.0671
5.0551
5.0432
5.0313
5.0194
5.0074
4.9955
4.9836
4.9717
4.9597
4.9478
4.9359
4.9239
4.912
4.9001
4.8882
4.8762
4.8643
4.8524
4.8404
4.8285
4.8165
4.8046
4.7927
4.7807
4.7688
4.7568
4.7449
4.7329
4.7209
4.709
4.697
4.685
4.6731
4.6611
4.6491
4.6371
4.6251
4.6131
4.6011
4.5891
4.5771
4.5651
4.5531
4.5411
4.529
4.517
4.505
4.4929
4.4808
4.4688
4.4567
4.4446
4.4326
4.4205
4.4084
4.3963
4.3842
4.3721
4.3599
4.3478
4.3357
4.3235
4.3114
4.2992
4.287
4.2748
4.2627
4.2505
4.2382
4.226
4.2138
4.2016
4.1893
4.1771
4.1648
4.1525
4.1403
4.128
4.1157
4.1034
4.091
4.0787
4.0664
4.054
4.0417
4.0293
4.0169
4.0045
3.9921
3.9797
3.9673
3.9548
3.9424
3.9299
3.9175
3.905
3.8925
3.88
3.8675
3.855
3.8425
3.83
3.8174
3.8049
3.7923
3.7797
3.7671
3.7546
3.742
3.7293
3.7167
3.7041
3.6915
3.6788
3.6661
3.6535
3.6408
3.6281
3.6154
3.6027
3.59
3.5773
3.5646
3.5519
3.5391
3.5264
3.5136
3.5009
3.4881
3.4753
3.4626
3.4498
3.437
3.4242
3.4114
3.3986
3.3858
3.373
3.3602
3.3474
3.3345
3.3217
3.3089
3.2961
3.2832
3.2704
3.2575
3.2447
3.2319
3.219
3.2062
3.1934
3.1805
3.1677
3.1548
3.142
3.1292
3.1163
3.1035
3.0907
3.0779
3.065
3.0522
3.0394
3.0266
3.0138
3.001
2.9882
2.9754
2.9627
2.9499
2.9371
2.9244
2.9116
2.8989
2.8862
2.8735
2.8608
2.8481
2.8354
2.8227
2.8101
2.7974
2.7848
2.7722
2.7596
2.747
2.7344
2.7218
2.7093
2.6967
2.6842
2.6717
2.6592
2.6468
2.6343
2.6219
2.6095
2.5971
2.5848
2.5724
2.5601
2.5478
2.5355
2.5233
2.511
2.4988
2.4866
2.4745
2.4623
2.4502
2.4381
2.4261
2.414
2.402
2.39
2.3781
2.3662
2.3543
2.3424
2.3306
2.3188
2.307
2.2952
2.2835
2.2719
2.2602
2.2486
2.237
2.2255
2.2139
2.2025
2.191
2.1796
2.1682
2.1569
2.1456
2.1343
2.1231
2.1119
2.1007
2.0896
2.0785
2.0675
2.0565
2.0455
2.0346
2.0237
2.0128
2.002
1.9913
1.9805
1.9699
1.9592
1.9486
1.9381
1.9275
1.9171
1.9066
1.8963
1.8859
1.8756
1.8654
1.8552
1.845
1.8349
1.8248
1.8148
1.8048
1.7948
1.785
1.7751
1.7653
1.7555
1.7458
1.7362
1.7266
1.717
1.7075
1.698
1.6886
1.6792
1.6699
1.6606
1.6513
1.6421
1.633
1.6239
1.6149
1.6059
1.5969
1.588
1.5792
1.5703
1.5616
1.5529
1.5442
1.5356
1.527
1.5185
1.5101
1.5016
1.4933
1.4849
1.4767
1.4684
1.4603
1.4521
1.4441
1.436
1.428
1.4201
1.4122
1.4044
1.3966
1.3888
1.3811
1.3735
1.3659
1.3583
1.3508
1.3433
1.3359
1.3285
1.3212
1.3139
1.3067
1.2995
1.2923
1.2852
1.2782
1.2712
1.2642
1.2573
1.2504
1.2436
1.2368
1.2301
1.2234
1.2167
1.2101
1.2035
1.197
1.1905
1.1841
1.1777
1.1713
1.165
1.1587
1.1525
1.1463
1.1401
1.134
1.128
1.1219
1.1159
1.11
1.1041
1.0982
1.0923
1.0865
1.0808
1.0751
1.0694
1.0637
1.0581
1.0525
1.047
1.0415
1.036
1.0306
1.0252
1.0198
1.0145
1.0092
1.0039
0.99872
0.99353
0.98837
0.98324
0.97815
0.97309
0.96806
0.96306
0.9581
0.95316
0.94826
0.94339
0.93855
0.93373
0.92895
0.9242
0.91948
0.91479
0.91013
0.90549
0.90089
0.89631
0.89176
0.88724
0.88275
0.87829
0.87385
0.86944
0.86506
0.8607
0.85637
0.85207
0.84779
0.84354
0.83931
0.83511
0.83094
0.82679
0.82267
0.81857
0.8145
0.81045
0.80643
0.80243
0.79845
0.7945
0.79058
0.78667
0.7828
0.77894
0.77511
0.7713
0.76752
0.76376
0.76003
0.75631
0.75263
0.74896
0.74532
0.7417
0.7381
0.73453
0.73098
0.72746
0.72396
0.72048
0.71702
0.71359
0.71018
0.70679
0.70343
0.70009
0.69678
0.69349
0.69022
0.68698
0.68376
0.68056
0.67739
0.67424
0.67112
0.66802
0.66494
0.6619
0.65887
0.65587
0.6529
0.64995
0.64702
0.64412
0.64125
0.63841
0.63559
0.63279
0.63003
0.62729
0.62457
0.62189
0.61923
0.6166
0.614
0.61142
0.60888
0.60636
0.60388
0.60142
0.59899
0.59659
0.59423
0.59189
0.58959
0.58731
0.58507
0.58286
0.58068
0.57854
0.57643
0.57435
0.5723
0.57029
0.56832
0.56638
0.56447
0.56261
0.56077
0.55898
0.55722
0.5555
0.55381
0.55217
0.55056
0.54899
0.54747
0.54598
0.54453
0.54312
0.54176
0.54044
0.53916
0.53792
0.53673
0.53558
0.53447
0.53341
0.5324
0.53143
0.53051
0.52963
0.52881
0.52803
0.5273
0.52661
0.52598
0.5254
0.52487
0.52439
0.52396
0.52358
0.52326
0.52299
0.52277
0.52261
0.5225
0.52245
0.52246
0.52252
0.52264
0.52282
0.52305
0.52335
0.5237
0.52411
0.52459
0.52513
0.52572
0.52638
0.52711
0.5279
0.52875
0.52966
0.53065
0.53169
0.53281
0.53399
0.53524
0.53655
0.53794
0.53939
0.54092
0.54251
0.54418
0.54592
0.54773
0.54961
0.55157
0.5536
0.55571
0.55789
0.56014
0.56247
0.56488
0.56737
0.56993
0.57257
0.57529
0.57809
0.58097
0.58394
0.58698
0.5901
0.59331
0.59659
0.59997
0.60342
0.60696
0.61058
0.61429
0.61809
0.62197
0.62593
0.62999
0.63413
0.63836
0.64268
0.64709
0.65158
0.65617
0.66085
0.66562
0.67048
0.67543
0.68047
0.68561
0.69083
0.69616
0.70157
0.70708
0.71269
0.71839
0.72418
0.73007
0.73606
0.74214
0.74832
0.7546
0.76097
0.76744
0.77401
0.78068
0.78745
0.79431
0.80128
0.80834
0.8155
0.82277
0.83013
0.8376
0.84516
0.85283
0.86059
0.86846
0.87643
0.88451
0.89268
0.90096
0.90934
0.91782
0.9264
0.93509
0.94388
0.95277
0.96176
0.97086
0.98006
0.98937
0.99878
1.0083
1.0179
1.0276
1.0374
1.0474
1.0574
1.0675
1.0778
1.0881
1.0986
1.1091
1.1198
1.1305
1.1414
1.1523
1.1634
1.1746
1.1858
1.1972
1.2087
1.2203
1.232
1.2437
1.2556
1.2676
1.2797
1.2919
1.3042
1.3166
1.3291
1.3417
1.3544
1.3672
1.3801
1.3931
1.4062
1.4194
1.4326
1.446
1.4595
1.4731
1.4868
1.5006
1.5144
1.5284
1.5425
1.5566
1.5709
1.5853
1.5997
1.6142
1.6289
1.6436
1.6584
1.6733
1.6883
1.7034
1.7186
1.7339
1.7492
1.7647
1.7802
1.7958
1.8115
1.8273
1.8432
1.8592
1.8752
1.8914
1.9076
1.9239
1.9402
1.9567
1.9732
1.9899
2.0066
2.0233
2.0402
2.0571
2.0741
2.0912
2.1084
2.1256
2.1429
2.1603
2.1777
2.1952
2.2128
2.2305
2.2482
2.266
2.2839
2.3018
2.3198
2.3379
2.356
2.3742
2.3924
2.4107
2.4291
2.4475
2.466
2.4845
2.5031
2.5218
2.5405
2.5592
2.578
2.5969
2.6158
2.6348
2.6538
2.6729
2.692
2.7111
2.7303
2.7496
2.7689
2.7882
2.8076
2.827
2.8464
2.8659
2.8854
2.905
2.9246
2.9442
2.9639
2.9836
3.0033
3.0231
3.0429
3.0627
3.0826
3.1025
3.1224
3.1423
3.1622
3.1822
3.2022
3.2222
3.2422
3.2623
3.2824
3.3024
3.3225
3.3427
3.3628
3.3829
3.4031
3.4232
3.4434
3.4636
3.4838
3.504
3.5242
3.5443
3.5646
3.5848
3.605
3.6252
3.6454
3.6656
3.6858
3.706
3.7262
3.7463
3.7665
3.7867
3.8068
3.827
3.8471
3.8672
3.8874
3.9075
3.9275
3.9476
3.9676
3.9877
4.0077
4.0277
4.0476
4.0676
4.0875
4.1074
4.1273
4.1471
4.167
4.1868
4.2065
4.2263
4.246
4.2656
4.2853
4.3049
4.3245
4.344
4.3635
4.383
4.4024
4.4218
4.4411
4.4604
4.4797
4.4989
4.5181
4.5373
4.5564
4.5754
4.5944
4.6134
4.6323
4.6511
4.6699
4.6887
4.7074
4.7261
4.7447
4.7632
4.7817
4.8002
4.8186
4.8369
4.8552
4.8734
4.8915
4.9096
4.9277
4.9456
4.9636
4.9814
4.9992
5.0169
5.0346
5.0522
5.0697
5.0872
5.1046
5.1219
5.1392
5.1564
5.1735
5.1906
5.2076
5.2245
5.2413
5.2581
5.2748
5.2914
5.308
5.3245
5.3409
5.3572
5.3735
5.3897
5.4058
5.4218
5.4378
5.4536
5.4694
5.4852
5.5008
5.5164
5.5318
5.5472
5.5626
5.5778
5.593
5.608
5.623
5.638
5.6528
5.6675
5.6822
5.6968
5.7113
5.7257
5.74
5.7543
5.7684
5.7825
5.7965
5.8104
5.8242
5.8379
5.8516
5.8651
5.8786
5.892
5.9053
5.9185
5.9316
5.9447
5.9576
5.9705
5.9832
5.9959
6.0085
6.021
6.0334
6.0458
6.058
6.0702
6.0822
6.0942
6.1061
6.1179
6.1296
6.1412
6.1527
6.1642
6.1755
6.1868
6.198
6.209
6.22
6.2309
6.2417
6.2525
6.2631
6.2737
6.2841
6.2945
6.3048
6.315
6.3251
6.3351
6.345
6.3549
6.3646
6.3743
6.3839
6.3933
6.4027
6.4121
6.4213
6.4304
6.4395
6.4484
6.4573
6.4661
6.4748
6.4834
6.492
6.5004
6.5088
6.5171
6.5253
6.5334
6.5414
6.5493
6.5572
6.565
6.5727
6.5803
6.5878
6.5952
6.6026
6.6099
6.617
6.6242
6.6312
6.6381
6.645
6.6518
6.6585
6.6651
6.6717
6.6781
6.6845
6.6908
6.6971
6.7032
6.7093
6.7153
6.7212
6.7271
6.7328
6.7385
6.7441
6.7497
6.7551
6.7605
6.7658
6.7711
6.7762
6.7813
6.7864
6.7913
6.7962
6.801
6.8057
6.8104
6.815
6.8195
6.8239
6.8283
6.8326
6.8368
6.841
6.8451
6.8492
6.8531
6.857
6.8608
6.8646
6.8683
6.8719
6.8755
6.879
6.8824
6.8858
6.8891
6.8924
6.8955
6.8987
6.9017
6.9047
6.9076
6.9105
6.9133
6.916
6.9187
6.9213
6.9239
6.9264
6.9289
6.9312
6.9336
6.9358
6.938
6.9402
6.9423
6.9443
6.9463
6.9482
6.9501
6.9519
6.9537
6.9554
6.957
6.9586
6.9601
6.9616
6.963
6.9644
6.9657
6.967
6.9682
6.9694
6.9705
6.9716
6.9726
6.9735
6.9744
6.9753
6.9761
6.9768
6.9775
6.9782
6.9788
6.9793
6.9799
6.9803
6.9807
6.9811
6.9814
6.9816
6.9819
6.982
6.9821
6.9822
6.9822
6.9822
6.9821
6.982
6.9818
6.9816
6.9814
6.9811
6.9807
6.9803
6.9799
6.9794
6.9788
6.9783
6.9776
6.977
6.9762
6.9755
6.9747
6.9738
6.9729
6.972
6.971
6.9699
6.9688
6.9677
6.9665
6.9653
6.9641
6.9628
6.9614
6.96
6.9586
6.9571
6.9556
6.954
6.9524
6.9507
6.949
6.9472
6.9454
6.9436
6.9417
6.9397
6.9378
6.9357
6.9337
6.9315
6.9294
6.9272
6.9249
6.9226
6.9202
6.9178
6.9154
6.9129
6.9104
6.9078
6.9051
6.9025
6.8997
6.897
6.8941
6.8913
6.8883
6.8854
6.8823
6.8793
6.8762
6.873
6.8698
6.8665
6.8632
6.8598
6.8564
6.853
6.8494
6.8459
6.8423
6.8386
6.8349
6.8311
6.8273
6.8234
6.8194
6.8155
6.8114
6.8073
6.8032
6.799
6.7947
6.7904
6.786
6.7816
6.7771
6.7726
6.768
6.7634
6.7587
6.7539
6.7491
6.7442
6.7393
6.7343
6.7292
6.7241
6.7189
6.7137
6.7084
6.7031
6.6977
6.6922
6.6866
6.6811
6.6754
6.6697
6.6639
6.658
6.6521
6.6462
6.6401
6.634
6.6279
6.6217
6.6154
6.609
6.6026
6.5961
6.5895
6.5829
6.5762
6.5695
6.5627
6.5558
6.5488
6.5418
6.5347
6.5275
6.5203
6.513
6.5056
6.4982
6.4907
6.4831
6.4755
6.4678
6.46
6.4521
6.4442
6.4362
6.4281
6.42
6.4118
6.4035
6.3951
6.3867
6.3782
6.3696
6.361
6.3523
6.3435
6.3346
6.3257
6.3167
6.3076
6.2985
6.2892
6.2799
6.2705
6.2611
6.2516
6.242
6.2323
6.2226
6.2128
6.2029
6.1929
6.1829
6.1728
6.1626
6.1523
6.142
6.1316
6.1211
6.1106
6.0999
6.0893
6.0785
6.0676
6.0567
6.0458
6.0347
6.0236
6.0124
6.0011
5.9898
5.9783
5.9669
5.9553
5.9437
5.932
5.9202
5.9084
5.8965
5.8845
5.8725
5.8604
5.8482
5.836
5.8237
5.8113
5.7988
5.7863
5.7738
5.7611
5.7484
5.7357
5.7228
5.7099
5.697
5.684
5.6709
5.6577
5.6445
5.6313
5.618
5.6046
5.5911
5.5777
5.5641
5.5505
5.5368
5.5231
5.5093
5.4955
5.4816
5.4677
5.4537
5.4397
5.4256
5.4115
5.3973
5.3831
5.3688
5.3545
5.3401
5.3257
5.3112
5.2967
5.2822
5.2676
5.253
5.2383
5.2236
5.2089
5.1941
5.1793
5.1644
5.1495
5.1346
5.1197
5.1047
5.0897
5.0747
5.0596
5.0445
5.0294
5.0142
4.9991
4.9839
4.9686
4.9534
4.9382
4.9229
4.9076
4.8923
4.8769
4.8616
4.8462
4.8309
4.8155
4.8001
4.7847
4.7693
4.7539
4.7385
4.723
4.7076
4.6922
4.6768
4.6613
4.6459
4.6305
4.615
4.5996
4.5842
4.5688
4.5534
4.538
4.5226
4.5073
4.4919
4.4766
4.4612
4.4459
4.4306
4.4154
4.4001
4.3849
4.3697
4.3545
4.3393
4.3242
4.3091
4.294
4.279
4.264
4.249
4.2341
4.2191
4.2043
4.1894
4.1746
4.1599
4.1451
4.1305
4.1158
4.1012
4.0867
4.0722
4.0578
4.0434
4.029
4.0147
4.0005
3.9863
3.9721
3.958
3.944
3.9301
3.9161
3.9023
3.8885
3.8748
3.8611
3.8475
3.834
3.8206
3.8072
3.7938
3.7806
3.7674
3.7543
3.7413
3.7283
3.7154
3.7026
3.6899
3.6772
3.6646
3.6521
3.6397
3.6274
3.6151
3.603
3.5909
3.5789
3.567
3.5552
3.5434
3.5318
3.5202
3.5087
3.4974
3.4861
3.4749
3.4638
3.4528
3.4419
3.4311
3.4203
3.4097
3.3992
3.3888
3.3784
3.3682
3.3581
3.3481
3.3381
3.3283
3.3186
3.309
3.2994
3.29
3.2807
3.2715
3.2624
3.2534
3.2445
3.2357
3.227
3.2185
3.21
3.2017
3.1934
3.1853
3.1772
3.1693
3.1615
3.1538
3.1462
3.1387
3.1313
3.124
3.1169
3.1098
3.1029
3.096
3.0893
3.0827
3.0762
3.0698
3.0635
3.0574
3.0513
3.0453
3.0395
3.0337
3.0281
3.0226
3.0172
3.0119
3.0067
3.0016
2.9966
2.9918
2.987
2.9824
2.9778
2.9734
2.969
2.9648
2.9607
2.9567
2.9528
2.9489
2.9452
2.9416
2.9381
2.9347
2.9314
2.9282
2.9252
2.9222
2.9193
2.9165
2.9138
2.9112
2.9087
2.9063
2.904
2.9017
2.8996
2.8976
2.8957
2.8938
2.8921
2.8904
2.8888
2.8874
2.886
2.8847
2.8835
2.8823
2.8813
2.8803
2.8794
2.8786
2.8779
2.8773
2.8767
2.8763
2.8759
2.8755
2.8753
2.8751
2.875
2.875
2.8751
2.8752
2.8754
2.8756
2.8759
2.8763
2.8768
2.8773
2.8779
2.8786
2.8793
2.88
2.8809
2.8818
2.8827
2.8837
2.8848
2.8859
2.887
2.8883
2.8895
2.8908
2.8922
2.8936
2.8951
2.8966
2.8981
2.8997
2.9014
2.903
2.9047
2.9065
2.9083
2.9101
2.9119
2.9138
2.9158
2.9177
2.9197
2.9217
2.9237
2.9258
2.9279
2.93
2.9322
2.9343
2.9365
2.9387
2.9409
2.9432
2.9454
2.9477
2.95
2.9523
2.9546
2.9569
2.9593
2.9616
2.964
2.9663
2.9687
2.9711
2.9735
2.9758
2.9782
2.9806
2.983
2.9854
2.9877
2.9901
2.9925
2.9948
2.9972
2.9996
3.0019
3.0043
3.0066
3.0089
3.0112
3.0135
3.0158
3.0181
3.0203
3.0226
3.0248
3.027
3.0292
3.0314
3.0335
3.0357
3.0378
3.0399
3.0419
3.044
3.046
3.048
3.05
3.052
3.0539
3.0558
3.0577
3.0595
3.0614
3.0631
3.0649
3.0667
3.0684
3.07
3.0717
3.0733
3.0749
3.0764
3.078
3.0794
3.0809
3.0823
3.0837
3.0851
3.0864
3.0877
3.0889
3.0901
3.0913
3.0925
3.0936
3.0947
3.0957
3.0967
3.0977
3.0986
3.0995
3.1004
3.1012
3.102
3.1027
3.1035
3.1041
3.1048
3.1054
3.106
3.1065
3.107
3.1075
3.1079
3.1083
3.1086
3.109
3.1092
3.1095
3.1097
3.1099
3.11
3.1101
3.1102
3.1103
3.1103
3.1102
3.1102
3.1101
3.11
3.1098
3.1096
3.1094
3.1092
3.1089
3.1086
3.1083
3.1079
3.1075
3.1071
3.1066
3.1062
3.1056
3.1051
3.1046
3.104
3.1034
3.1027
3.1021
3.1014
3.1007
3.1
3.0992
3.0985
3.0977
3.0969
3.096
3.0952
3.0943
3.0934
3.0925
3.0916
3.0907
3.0898
3.0888
3.0878
3.0868
3.0858
3.0848
3.0838
3.0828
3.0817
3.0807
3.0796
3.0785
3.0774
3.0764
3.0753
3.0742
3.0731
3.072
3.0708
3.0697
3.0686
3.0675
3.0664
3.0653
3.0641
3.063
3.0619
3.0608
3.0597
3.0586
3.0575
3.0564
3.0553
3.0542
3.0531
3.0521
3.051
3.05
3.0489
3.0479
3.0468
3.0458
3.0448
3.0438
3.0429
3.0419
3.041
3.04
3.0391
3.0382
3.0373
3.0364
3.0356
3.0347
3.0339
3.0331
3.0323
3.0316
3.0308
3.0301
3.0294
3.0287
3.0281
3.0274
3.0268
3.0262
3.0257
3.0251
3.0246
3.0241
3.0236
3.0232
3.0228
3.0224
3.022
3.0216
3.0213
3.021
3.0208
3.0205
3.0203
3.0201
3.02
3.0199
3.0198
3.0197
3.0197
3.0197
3.0197
3.0197
3.0198
3.0199
3.02
3.0202
3.0204
3.0206
3.0208
3.0211
3.0214
3.0218
3.0221
3.0225
3.023
3.0234
3.0239
3.0244
3.0249
3.0255
3.0261
3.0267
3.0274
3.0281
3.0288
3.0295
3.0303
3.0311
3.0319
3.0327
3.0336
3.0345
3.0354
3.0364
3.0373
3.0383
3.0394
3.0404
3.0415
3.0426
3.0437
3.0448
3.046
3.0472
3.0484
3.0496
3.0509
3.0521
3.0534
3.0547
3.0561
3.0574
3.0588
3.0601
3.0615
3.0629
3.0644
3.0658
3.0673
3.0687
3.0702
3.0717
3.0732
3.0747
3.0763
3.0778
3.0794
3.0809
3.0825
3.0841
3.0856
3.0872
3.0888
3.0904
3.092
3.0936
3.0952
3.0968
3.0985
3.1001
3.1017
3.1033
3.1049
3.1065
3.1081
3.1097
3.1113
3.1129
3.1144
3.116
3.1176
3.1191
3.1207
3.1222
3.1237
3.1252
3.1267
3.1282
3.1297
3.1311
3.1326
3.134
3.1354
3.1368
3.1381
3.1395
3.1408
3.1421
3.1433
3.1446
3.1458
3.147
3.1482
3.1493
3.1504
3.1515
3.1526
3.1536
3.1546
3.1555
3.1565
3.1573
3.1582
3.159
3.1598
3.1605
3.1612
3.1619
3.1625
3.1631
3.1636
3.1641
3.1646
3.165
3.1653
3.1657
3.1659
3.1661
3.1663
3.1664
3.1665
3.1665
3.1665
3.1664
3.1662
3.166
3.1658
3.1655
3.1651
3.1647
3.1642
3.1636
3.163
3.1623
3.1616
3.1608
3.16
3.159
3.158
3.157
3.1559
3.1547
3.1534
3.1521
3.1507
3.1492
3.1477
3.1461
3.1444
3.1427
3.1409
3.139
3.137
3.1349
3.1328
3.1306
3.1283
3.126
3.1235
3.121
3.1184
3.1158
3.113
3.1102
3.1073
3.1043
3.1012
3.098
3.0948
3.0914
3.088
3.0845
3.0809
3.0772
3.0735
3.0696
3.0657
3.0616
3.0575
3.0533
3.049
3.0446
3.0402
3.0356
3.0309
3.0262
3.0213
3.0164
3.0114
3.0063
3.0011
2.9958
2.9904
2.9849
2.9793
2.9736
2.9678
2.962
2.956
2.9499
2.9438
2.9375
2.9312
2.9248
2.9182
2.9116
2.9049
2.898
2.8911
2.8841
2.877
2.8697
2.8624
2.855
2.8475
2.8399
2.8322
2.8244
2.8165
2.8085
2.8004
2.7923
2.784
2.7756
2.7671
2.7585
2.7499
2.7411
2.7322
2.7233
2.7142
2.705
2.6958
2.6864
2.677
2.6674
2.6578
2.6481
2.6382
2.6283
2.6183
2.6082
2.5979
2.5876
2.5772
2.5667
2.5562
2.5455
2.5347
2.5238
2.5129
2.5018
2.4907
2.4794
2.4681
2.4567
2.4452
2.4336
2.4219
2.4101
2.3982
2.3863
2.3742
2.3621
2.3498
2.3375
2.3251
2.3126
2.3001
2.2874
2.2747
2.2618
2.2489
2.2359
2.2229
2.2097
2.1965
2.1831
2.1697
2.1562
2.1427
2.129
2.1153
2.1015
2.0876
2.0737
2.0596
2.0455
2.0313
2.0171
2.0028
1.9883
1.9739
1.9593
1.9447
1.93
1.9152
1.9004
1.8855
1.8705
1.8555
1.8404
1.8252
1.81
1.7947
1.7793
1.7639
1.7484
1.7328
1.7172
1.7015
1.6858
1.67
1.6541
1.6382
1.6223
1.6062
1.5902
1.574
1.5579
1.5416
1.5253
1.509
1.4926
1.4761
1.4597
1.4431
1.4265
1.4099
1.3932
1.3765
1.3597
1.3429
1.3261
1.3092
1.2922
1.2753
1.2582
1.2412
1.2241
1.207
1.1898
1.1726
1.1554
1.1381
1.1208
1.1035
1.0862
1.0688
1.0514
1.0339
1.0165
0.99896
0.98144
0.96389
0.94632
0.92873
0.91112
0.89349
0.87584
0.85816
0.84047
0.82277
0.80504
0.7873
0.76955
0.75178
0.734
0.71621
0.6984
0.68059
0.66277
0.64494
0.6271
0.60925
0.5914
0.57354
0.55568
0.53781
0.51995
0.50208
0.48421
0.46634
0.44847
0.4306
0.41274
0.39488
0.37702
0.35917
0.34133
0.32349
0.30566
0.28784
0.27003
0.25223
0.23444
0.21666
0.1989
0.18115
0.16341
0.14569
0.12798
0.1103
0.092625
0.074973
0.05734
0.039728
0.022136
0.0045666
-0.012981
-0.030505
-0.048004
-0.06548
-0.082929
-0.10035
-0.11775
-0.13512
-0.15246
-0.16977
-0.18705
-0.20429
-0.22151
-0.2387
-0.25585
-0.27297
-0.29005
-0.3071
-0.32411
-0.34109
-0.35803
-0.37493
-0.39179
-0.40861
-0.42539
-0.44214
-0.45884
-0.4755
-0.49211
-0.50869
-0.52521
-0.5417
-0.55814
-0.57453
-0.59088
-0.60718
-0.62343
-0.63964
-0.65579
-0.6719
-0.68795
-0.70396
-0.71991
-0.73582
-0.75167
-0.76747
-0.78321
-0.7989
-0.81454
-0.83012
-0.84565
-0.86112
-0.87653
-0.89189
-0.90719
-0.92243
-0.93762
-0.95274
-0.96781
-0.98281
-0.99776
-1.0126
-1.0275
-1.0422
-1.0569
-1.0716
-1.0862
-1.1007
-1.1151
-1.1295
-1.1438
-1.1581
-1.1723
-1.1864
-1.2005
-1.2145
-1.2284
-1.2423
-1.2561
-1.2698
-1.2835
-1.297
-1.3106
-1.324
-1.3374
-1.3507
-1.364
-1.3772
-1.3903
-1.4033
-1.4163
-1.4292
-1.4421
-1.4548
-1.4675
-1.4801
-1.4927
-1.5052
-1.5176
-1.5299
-1.5422
-1.5544
-1.5665
-1.5785
-1.5905
-1.6024
-1.6142
-1.626
-1.6377
-1.6493
-1.6608
-1.6723
-1.6837
-1.695
-1.7063
-1.7174
-1.7285
-1.7396
-1.7505
-1.7614
-1.7722
-1.783
-1.7936
-1.8042
-1.8147
-1.8252
-1.8355
-1.8458
-1.8561
-1.8662
-1.8763
-1.8863
-1.8963
-1.9061
-1.9159
-1.9256
-1.9353
-1.9449
-1.9544
-1.9638
-1.9732
-1.9825
-1.9917
-2.0008
-2.0099
-2.0189
-2.0279
-2.0367
-2.0455
-2.0543
-2.0629
-2.0715
-2.08
-2.0885
-2.0969
-2.1052
-2.1135
-2.1216
-2.1298
-2.1378
-2.1458
-2.1537
-2.1616
-2.1693
-2.1771
-2.1847
-2.1923
-2.1998
-2.2073
-2.2147
-2.2221
-2.2293
-2.2365
-2.2437
-2.2508
-2.2578
-2.2648
-2.2717
-2.2785
-2.2853
-2.2921
-2.2987
-2.3054
-2.3119
-2.3184
-2.3249
-2.3312
-2.3376
-2.3438
-2.3501
-2.3562
-2.3623
-2.3684
-2.3744
-2.3804
-2.3863
-2.3921
-2.3979
-2.4037
-2.4094
-2.415
-2.4206
-2.4262
-2.4317
-2.4372
-2.4426
-2.448
-2.4533
-2.4586
-2.4638
-2.469
-2.4742
-2.4793
-2.4843
-2.4894
-2.4944
-2.4993
-2.5042
-2.5091
-2.5139
-2.5187
-2.5235
-2.5282
-2.5329
-2.5375
-2.5421
-2.5467
-2.5513
-2.5558
-2.5603
-2.5647
-2.5692
-2.5736
-2.5779
-2.5823
-2.5866
-2.5909
-2.5951
-2.5994
-2.6036
-2.6077
-2.6119
-2.616
-2.6201
-2.6242
-2.6283
-2.6323
-2.6364
-2.6404
-2.6444
-2.6483
-2.6523
-2.6562
-2.6601
-2.664
-2.6679
-2.6718
-2.6757
-2.6795
-2.6833
-2.6872
-2.691
-2.6948
-2.6986
-2.7023
-2.7061
-2.7099
-2.7136
-2.7174
-2.7211
-2.7249
-2.7286
-2.7323
-2.736
-2.7398
-2.7435
-2.7472
-2.7509
-2.7546
-2.7583
-2.762
-2.7657
-2.7694
-2.7731
-2.7769
-2.7806
-2.7843
-2.788
-2.7917
-2.7955
-2.7992
-2.8029
-2.8067
-2.8104
-2.8142
-2.818
-2.8217
-2.8255
-2.8293
-2.8331
-2.8369
-2.8408
-2.8446
-2.8484
-2.8523
-2.8562
-2.86
-2.8639
-2.8678
-2.8717
-2.8757
-2.8796
-2.8836
-2.8876
-2.8915
-2.8955
-2.8996
-2.9036
-2.9076
-2.9117
-2.9158
-2.9199
-2.924
-2.9282
-2.9323
-2.9365
-2.9407
-2.9449
-2.9491
-2.9534
-2.9576
-2.9619
-2.9662
-2.9705
-2.9749
-2.9793
-2.9836
-2.988
-2.9925
-2.9969
-3.0014
-3.0059
-3.0104
-3.0149
-3.0195
-3.024
-3.0286
-3.0332
-3.0379
-3.0425
-3.0472
-3.0519
-3.0566
-3.0614
-3.0661
-3.0709
-3.0757
-3.0806
-3.0854
-3.0903
-3.0952
-3.1001
-3.105
-3.1099
-3.1149
-3.1199
-3.1249
-3.1299
-3.135
-3.1401
-3.1452
-3.1503
-3.1554
-3.1605
-3.1657
-3.1709
-3.1761
-3.1813
-3.1866
-3.1918
-3.1971
-3.2024
-3.2077
-3.213
-3.2184
-3.2237
-3.2291
-3.2345
-3.2399
-3.2453
-3.2508
-3.2562
-3.2617
-3.2671
-3.2726
-3.2781
-3.2836
-3.2892
-3.2947
-3.3003
-3.3058
-3.3114
-3.317
-3.3226
-3.3282
-3.3338
-3.3394
-3.345
-3.3506
-3.3563
-3.3619
-3.3676
-3.3732
-3.3789
-3.3846
-3.3902
-3.3959
-3.4016
-3.4073
-3.413
-3.4187
-3.4243
-3.43
-3.4357
-3.4414
-3.4471
-3.4528
-3.4585
-3.4642
-3.4699
-3.4755
-3.4812
-3.4869
-3.4925
-3.4982
-3.5039
-3.5095
-3.5152
-3.5208
-3.5264
-3.532
-3.5376
-3.5433
-3.5488
-3.5544
-3.56
-3.5656
-3.5711
-3.5766
-3.5822
-3.5877
-3.5932
-3.5986
-3.6041
-3.6095
-3.615
-3.6204
-3.6258
-3.6312
-3.6365
-3.6419
-3.6472
-3.6525
-3.6578
-3.663
-3.6683
-3.6735
-3.6787
-3.6839
-3.689
-3.6941
-3.6992
-3.7043
-3.7094
-3.7144
-3.7194
-3.7244
-3.7293
-3.7343
-3.7391
-3.744
-3.7488
-3.7537
-3.7584
-3.7632
-3.7679
-3.7726
-3.7772
-3.7819
-3.7865
-3.791
-3.7955
-3.8
-3.8045
-3.8089
-3.8133
-3.8177
-3.822
-3.8263
-3.8305
-3.8348
-3.8389
-3.8431
-3.8472
-3.8513
-3.8553
-3.8593
-3.8633
-3.8672
-3.8711
-3.8749
-3.8787
-3.8825
-3.8862
-3.8899
-3.8936
-3.8972
-3.9008
-3.9043
-3.9078
-3.9113
-3.9147
-3.918
-3.9214
-3.9247
-3.9279
-3.9311
-3.9343
-3.9374
-3.9405
-3.9436
-3.9466
-3.9495
-3.9525
-3.9554
-3.9582
-3.961
-3.9638
-3.9665
-3.9692
-3.9718
-3.9744
-3.977
-3.9795
-3.9819
-3.9844
-3.9868
-3.9891
-3.9914
-3.9937
-3.9959
-3.9981
-4.0003
-4.0024
-4.0045
-4.0065
-4.0085
-4.0104
-4.0123
-4.0142
-4.0161
-4.0179
-4.0196
-4.0213
-4.023
-4.0247
-4.0263
-4.0279
-4.0294
-4.0309
-4.0324
-4.0338
-4.0352
-4.0365
-4.0379
-4.0391
-4.0404
-4.0416
-4.0428
-4.0439
-4.0451
-4.0462
-4.0472
-4.0482
-4.0492
-4.0502
-4.0511
-4.052
-4.0529
-4.0537
-4.0545
-4.0553
-4.0561
-4.0568
-4.0575
-4.0581
-4.0588
-4.0594
-4.06
-4.0606
-4.0611
-4.0616
-4.0621
-4.0626
-4.063
-4.0635
-4.0639
-4.0642
-4.0646
-4.0649
-4.0653
-4.0656
-4.0658
-4.0661
-4.0663
-4.0666
-4.0668
-4.067
-4.0672
-4.0673
-4.0675
-4.0676
-4.0677
-4.0678
-4.0679
-4.068
-4.0681
-4.0681
-4.0682
-4.0682
-4.0683
-4.0683
-4.0683
-4.0683
-4.0683
-4.0683
-4.0683
-4.0683
-4.0683
-4.0682
-4.0682
-4.0682
-4.0681
-4.0681
-4.068
-4.068
-4.068
-4.0679
-4.0679
-4.0678
-4.0678
-4.0678
-4.0677
-4.0677
-4.0677
-4.0677
-4.0676
-4.0676
-4.0676
-4.0676
-4.0676
-4.0677
-4.0677
-4.0677
-4.0678
-4.0678
-4.0679
-4.068
-4.068
-4.0681
-4.0682
-4.0684
-4.0685
-4.0687
-4.0688
-4.069
-4.0692
-4.0694
-4.0696
-4.0699
-4.0702
-4.0704
-4.0707
-4.0711
-4.0714
-4.0718
-4.0721
-4.0725
-4.073
-4.0734
-4.0739
-4.0743
-4.0748
-4.0754
-4.0759
-4.0765
-4.0771
-4.0777
-4.0784
-4.0791
-4.0798
-4.0805
-4.0813
-4.0821
-4.0829
-4.0837
-4.0846
-4.0855
-4.0864
-4.0874
-4.0883
-4.0894
-4.0904
-4.0915
-4.0926
-4.0937
-4.0949
-4.0961
-4.0973
-4.0986
-4.0999
-4.1012
-4.1026
-4.104
-4.1054
-4.1068
-4.1083
-4.1099
-4.1114
-4.113
-4.1147
-4.1163
-4.118
-4.1198
-4.1215
-4.1233
-4.1252
-4.127
-4.129
-4.1309
-4.1329
-4.1349
-4.137
-4.1391
-4.1412
-4.1434
-4.1456
-4.1478
-4.1501
-4.1524
-4.1547
-4.1571
-4.1595
-4.162
-4.1645
-4.167
-4.1696
-4.1722
-4.1748
-4.1775
-4.1802
-4.183
-4.1857
-4.1886
-4.1914
-4.1943
-4.1972
-4.2002
-4.2032
-4.2063
-4.2093
-4.2124
-4.2156
-4.2188
-4.222
-4.2252
-4.2285
-4.2318
-4.2352
-4.2386
-4.242
-4.2455
-4.2489
-4.2525
-4.256
-4.2596
-4.2632
-4.2669
-4.2706
-4.2743
-4.2781
-4.2818
-4.2856
-4.2895
-4.2934
-4.2973
-4.3012
-4.3052
-4.3092
-4.3132
-4.3173
-4.3213
-4.3255
-4.3296
-4.3338
-4.338
-4.3422
-4.3464
-4.3507
-4.355
-4.3593
-4.3637
-4.368
-4.3724
-4.3769
-4.3813
-4.3858
-4.3903
-4.3948
-4.3993
-4.4039
-4.4085
-4.4131
-4.4177
-4.4223
-4.427
-4.4317
-4.4364
-4.4411
-4.4458
-4.4506
-4.4553
-4.4601
-4.4649
-4.4698
-4.4746
-4.4794
-4.4843
-4.4892
-4.4941
-4.499
-4.5039
-4.5088
-4.5137
-4.5187
-4.5236
-4.5286
-4.5336
-4.5386
-4.5436
-4.5486
-4.5536
-4.5586
-4.5636
-4.5687
-4.5737
-4.5788
-4.5838
-4.5889
-4.5939
-4.599
-4.604
-4.6091
-4.6142
-4.6193
-4.6243
-4.6294
-4.6345
-4.6395
-4.6446
-4.6497
-4.6548
-4.6598
-4.6649
-4.67
-4.675
-4.6801
-4.6851
-4.6902
-4.6952
-4.7003
-4.7053
-4.7103
-4.7154
-4.7204
-4.7254
-4.7304
-4.7354
-4.7404
-4.7453
-4.7503
-4.7553
-4.7602
-4.7651
-4.7701
-4.775
-4.7799
-4.7848
-4.7896
-4.7945
-4.7994
-4.8042
-4.809
-4.8138
-4.8186
-4.8234
-4.8282
-4.8329
-4.8377
-4.8424
-4.8471
-4.8518
-4.8564
-4.8611
-4.8657
-4.8704
-4.875
-4.8795
-4.8841
-4.8887
-4.8932
-4.8977
-4.9022
-4.9066
-4.9111
-4.9155
-4.9199
-4.9243
-4.9287
-4.933
-4.9374
-4.9417
-4.9459
-4.9502
-4.9544
-4.9587
-4.9629
-4.967
-4.9712
-4.9753
-4.9794
-4.9835
-4.9875
-4.9916
-4.9956
-4.9996
-5.0035
-5.0075
-5.0114
-5.0153
-5.0192
-5.023
-5.0268
-5.0306
-5.0344
-5.0381
-5.0419
-5.0456
-5.0492
-5.0529
-5.0565
-5.0601
-5.0637
-5.0672
-5.0708
-5.0742
-5.0777
-5.0812
-5.0846
-5.088
-5.0914
-5.0947
-5.098
-5.1013
-5.1046
-5.1079
-5.1111
-5.1143
-5.1175
-5.1206
-5.1238
-5.1269
-5.1299
-5.133
-5.136
-5.139
-5.142
-5.1449
-5.1479
-5.1508
-5.1537
-5.1565
-5.1593
-5.1622
-5.1649
-5.1677
-5.1704
-5.1731
-5.1758
-5.1785
-5.1811
-5.1838
-5.1864
-5.1889
-5.1915
-5.194
-5.1965
-5.199
-5.2015
-5.2039
-5.2063
-5.2087
-5.2111
-5.2134
-5.2157
-5.218
-5.2203
-5.2226
-5.2248
-5.227
-5.2292
-5.2314
-5.2335
-5.2357
-5.2378
-5.2399
-5.2419
-5.244
-5.246
-5.248
-5.25
-5.252
-5.2539
-5.2559
-5.2578
-5.2597
-5.2615
-5.2634
-5.2652
-5.267
-5.2688
-5.2706
-5.2723
-5.2741
-5.2758
-5.2775
-5.2792
-5.2808
-5.2825
-5.2841
-5.2857
-5.2873
-5.2889
-5.2904
-5.292
-5.2935
-5.295
-5.2965
-5.2979
-5.2994
-5.3008
-5.3022
-5.3036
-5.305
-5.3064
-5.3077
-5.309
-5.3104
-5.3116
-5.3129
-5.3142
-5.3154
-5.3167
-5.3179
-5.3191
-5.3202
-5.3214
-5.3225
-5.3237
-5.3248
-5.3259
-5.327
-5.328
-5.3291
-5.3301
-5.3311
-5.3321
-5.3331
-5.334
-5.335
-5.3359
-5.3368
-5.3377
-5.3386
-5.3395
-5.3403
-5.3411
-5.3419
-5.3427
-5.3435
-5.3443
-5.345
-5.3457
-5.3464
-5.3471
-5.3478
-5.3485
-5.3491
-5.3497
-5.3503
-5.3509
-5.3514
-5.352
-5.3525
-5.353
-5.3535
-5.354
-5.3544
-5.3549
-5.3553
-5.3557
-5.356
-5.3564
-5.3567
-5.357
-5.3573
-5.3576
-5.3579
-5.3581
-5.3583
-5.3585
-5.3587
-5.3588
-5.3589
-5.359
-5.3591
-5.3592
-5.3592
-5.3592
-5.3592
-5.3592
-5.3591
-5.3591
-5.359
-5.3588
-5.3587
-5.3585
-5.3583
-5.3581
-5.3578
-5.3576
-5.3573
-5.3569
-5.3566
-5.3562
-5.3558
-5.3554
-5.3549
-5.3544
-5.3539
-5.3534
-5.3528
-5.3522
-5.3516
-5.3509
-5.3503
-5.3496
-5.3488
-5.3481
-5.3473
-5.3464
-5.3456
-5.3447
-5.3438
-5.3428
-5.3418
-5.3408
-5.3398
-5.3387
-5.3376
-5.3364
-5.3352
-5.334
-5.3328
-5.3315
-5.3302
-5.3289
-5.3275
-5.3261
-5.3246
-5.3231
-5.3216
-5.3201
-5.3185
-5.3168
-5.3152
-5.3135
-5.3117
-5.31
-5.3082
-5.3063
-5.3044
-5.3025
-5.3005
-5.2985
-5.2965
-5.2944
-5.2923
-5.2901
-5.2879
-5.2857
-5.2834
-5.2811
-5.2788
-5.2764
-5.2739
-5.2714
-5.2689
-5.2664
-5.2638
-5.2611
-5.2584
-5.2557
-5.253
-5.2501
-5.2473
-5.2444
-5.2415
-5.2385
-5.2355
-5.2324
-5.2293
-5.2261
-5.2229
-5.2197
-5.2164
-5.2131
-5.2097
-5.2063
-5.2029
-5.1994
-5.1958
-5.1922
-5.1886
-5.1849
-5.1812
-5.1774
-5.1736
-5.1698
-5.1659
-5.1619
-5.1579
-5.1539
-5.1498
-5.1457
-5.1415
-5.1373
-5.133
-5.1287
-5.1244
-5.12
-5.1156
-5.1111
-5.1066
-5.102
-5.0974
-5.0927
-5.088
-5.0833
-5.0785
-5.0736
-5.0688
-5.0638
-5.0589
-5.0539
-5.0488
-5.0437
-5.0386
-5.0334
-5.0281
-5.0229
-5.0175
-5.0122
-5.0068
-5.0013
-4.9958
-4.9903
-4.9847
-4.9791
-4.9734
-4.9677
-4.962
-4.9562
-4.9504
-4.9445
-4.9386
-4.9326
-4.9266
-4.9206
-4.9145
-4.9084
-4.9023
-4.8961
-4.8898
-4.8836
-4.8772
-4.8709
-4.8645
-4.8581
-4.8516
-4.8451
-4.8386
-4.832
-4.8254
-4.8187
-4.812
-4.8053
-4.7985
-4.7917
-4.7849
-4.778
-4.7711
-4.7641
-4.7572
-4.7502
-4.7431
-4.736
-4.7289
-4.7218
-4.7146
-4.7074
-4.7001
-4.6929
-4.6856
-4.6782
-4.6709
-4.6635
-4.656
-4.6486
-4.6411
-4.6336
-4.626
-4.6184
-4.6108
-4.6032
-4.5955
-4.5878
-4.5801
-4.5724
-4.5646
-4.5568
-4.549
-4.5412
-4.5333
-4.5254
-4.5175
-4.5096
-4.5016
-4.4936
-4.4856
-4.4776
-4.4695
-4.4614
-4.4534
-4.4452
-4.4371
-4.4289
-4.4208
-4.4126
-4.4044
-4.3961
-4.3879
-4.3796
-4.3713
-4.363
-4.3547
-4.3464
-4.338
-4.3297
-4.3213
-4.3129
-4.3045
-4.296
-4.2876
-4.2791
-4.2707
-4.2622
-4.2537
-4.2452
-4.2367
-4.2282
-4.2196
-4.2111
-4.2025
-4.194
-4.1854
-4.1768
-4.1682
-4.1596
-4.151
-4.1424
-4.1338
-4.1251
-4.1165
-4.1079
-4.0992
-4.0905
-4.0819
-4.0732
-4.0646
-4.0559
-4.0472
-4.0385
-4.0298
-4.0212
-4.0125
-4.0038
-3.9951
-3.9864
-3.9777
-3.969
-3.9603
-3.9516
-3.9429
-3.9342
-3.9255
-3.9168
-3.9081
-3.8994
-3.8907
-3.882
-3.8733
-3.8646
-3.856
-3.8473
-3.8386
-3.8299
-3.8213
-3.8126
-3.8039
-3.7953
-3.7866
-3.778
-3.7693
-3.7607
-3.7521
-3.7435
-3.7348
-3.7262
-3.7176
-3.709
-3.7004
-3.6919
-3.6833
-3.6747
-3.6662
-3.6576
-3.6491
-3.6406
-3.632
-3.6235
-3.615
-3.6065
-3.598
-3.5896
-3.5811
-3.5727
-3.5642
-3.5558
-3.5474
-3.539
-3.5306
-3.5222
-3.5138
-3.5055
-3.4971
-3.4888
-3.4805
-3.4721
-3.4638
-3.4556
-3.4473
-3.439
-3.4308
-3.4226
-3.4143
-3.4061
-3.3979
-3.3898
-3.3816
-3.3735
-3.3653
-3.3572
-3.3491
-3.341
-3.3329
-3.3249
-3.3168
-3.3088
-3.3008
-3.2928
-3.2848
-3.2769
-3.2689
-3.261
-3.253
-3.2451
-3.2373
-3.2294
-3.2215
-3.2137
-3.2059
-3.1981
-3.1903
-3.1825
-3.1747
-3.167
-3.1593
-3.1516
-3.1439
-3.1362
-3.1285
-3.1209
-3.1133
-3.1057
-3.0981
-3.0905
-3.0829
-3.0754
-3.0679
-3.0604
-3.0529
-3.0454
-3.038
-3.0305
-3.0231
-3.0157
-3.0083
-3.001
-2.9936
-2.9863
-2.979
-2.9717
-2.9644
-2.9571
-2.9499
-2.9426
-2.9354
-2.9282
-2.9211
-2.9139
-2.9068
-2.8996
-2.8925
-2.8854
-2.8783
-2.8713
-2.8642
-2.8572
-2.8502
-2.8432
-2.8362
-2.8293
-2.8223
-2.8154
-2.8085
-2.8016
-2.7947
-2.7878
-2.781
-2.7742
-2.7674
-2.7606
-2.7538
-2.747
-2.7402
-2.7335
-2.7268
-2.7201
-2.7134
-2.7067
-2.7
-2.6934
-2.6868
-2.6801
-2.6735
-2.667
-2.6604
-2.6538
-2.6473
-2.6407
-2.6342
-2.6277
-2.6212
-2.6147
-2.6083
-2.6018
-2.5954
-2.589
-2.5825
-2.5761
-2.5697
-2.5634
-2.557
-2.5507
-2.5443
-2.538
-2.5317
-2.5254
-2.5191
-2.5128
-2.5065
-2.5002
-2.494
-2.4877
-2.4815
-2.4753
-2.4691
-2.4629
-2.4567
-2.4505
-2.4443
-2.4381
-2.432
-2.4258
-2.4197
-2.4135
-2.4074
-2.4013
-2.3952
-2.3891
-2.383
-2.3769
-2.3708
-2.3647
-2.3586
-2.3526
-2.3465
-2.3404
-2.3344
-2.3283
-2.3223
-2.3163
-2.3102
-2.3042
-2.2982
-2.2922
-2.2861
-2.2801
-2.2741
-2.2681
-2.2621
-2.2561
-2.2501
-2.2441
-2.2381
-2.2321
-2.2261
-2.2201
-2.214
-2.208
-2.202
-2.196
-2.19
-2.184
-2.178
-2.172
-2.166
-2.16
-2.154
-2.148
-2.142
-2.1359
-2.1299
-2.1239
-2.1178
-2.1118
-2.1057
-2.0997
-2.0936
-2.0876
-2.0815
-2.0754
-2.0694
-2.0633
-2.0572
-2.0511
-2.045
-2.0389
-2.0327
-2.0266
-2.0205
-2.0143
-2.0082
-2.002
-1.9958
-1.9896
-1.9834
-1.9772
-1.971
-1.9647
-1.9585
-1.9522
-1.946
-1.9397
-1.9334
-1.9271
-1.9208
-1.9144
-1.9081
-1.9017
-1.8953
-1.8889
-1.8825
-1.8761
-1.8697
-1.8632
-1.8567
-1.8502
-1.8437
-1.8372
-1.8307
-1.8241
-1.8175
-1.8109
-1.8043
-1.7977
-1.791
-1.7844
-1.7777
-1.7709
-1.7642
-1.7575
-1.7507
-1.7439
-1.7371
-1.7302
-1.7234
-1.7165
-1.7096
-1.7027
-1.6957
-1.6887
-1.6817
-1.6747
-1.6677
-1.6606
-1.6535
-1.6464
-1.6393
-1.6321
-1.6249
-1.6177
-1.6104
-1.6032
-1.5959
-1.5886
-1.5812
-1.5738
-1.5664
-1.559
-1.5516
-1.5441
-1.5366
-1.529
-1.5215
-1.5139
-1.5063
-1.4986
-1.4909
-1.4832
-1.4755
-1.4677
-1.46
-1.4521
-1.4443
-1.4364
-1.4285
-1.4206
-1.4126
-1.4046
-1.3966
-1.3885
-1.3804
-1.3723
-1.3642
-1.356
-1.3478
-1.3396
-1.3313
-1.323
-1.3147
-1.3063
-1.2979
-1.2895
-1.2811
-1.2726
-1.2641
-1.2556
-1.247
-1.2384
-1.2298
-1.2211
-1.2124
-1.2037
-1.1949
-1.1862
-1.1773
-1.1685
-1.1596
-1.1507
-1.1418
-1.1328
-1.1238
-1.1148
-1.1058
-1.0967
-1.0876
-1.0784
-1.0693
-1.0601
-1.0508
-1.0416
-1.0323
-1.023
-1.0137
-1.0043
-0.99489
-0.98546
-0.97601
-0.96653
-0.95702
-0.94749
-0.93793
-0.92834
-0.91872
-0.90908
-0.89941
-0.88972
-0.88
-0.87026
-0.86049
-0.85069
-0.84087
-0.83103
-0.82116
-0.81126
-0.80135
-0.79141
-0.78144
-0.77145
-0.76145
-0.75141
-0.74136
-0.73128
-0.72119
-0.71107
-0.70093
-0.69077
-0.68059
-0.67039
-0.66017
-0.64993
-0.63967
-0.62939
-0.6191
-0.60878
-0.59845
-0.5881
-0.57774
-0.56735
-0.55696
-0.54654
-0.53611
-0.52567
-0.51521
-0.50473
-0.49425
-0.48374
-0.47323
-0.4627
-0.45216
-0.44161
-0.43105
-0.42047
-0.40989
-0.39929
-0.38869
-0.37807
-0.36745
-0.35681
-0.34617
-0.33552
-0.32486
-0.3142
-0.30353
-0.29285
-0.28217
-0.27148
-0.26079
-0.25009
-0.23939
-0.22869
-0.21798
-0.20727
-0.19656
-0.18584
-0.17513
-0.16441
-0.1537
-0.14298
-0.13227
-0.12155
-0.11084
-0.10013
-0.089419
-0.078714
-0.068012
-0.057313
-0.04662
-0.035931
-0.025247
-0.014569
-0.0038977
0.0067671
0.017425
0.028075
0.038716
0.049349
0.059973
0.070587
0.081192
0.091785
0.10237
